DATASET = ORTEC Hidden VeRoLog 2019
NAME = Instance 1

DAYS = 15
TRUCK_CAPACITY = 18
TRUCK_MAX_DISTANCE = 1620

TRUCK_DISTANCE_COST = 1000
TRUCK_DAY_COST = 1000
TRUCK_COST = 100
TECHNICIAN_DISTANCE_COST = 100
TECHNICIAN_DAY_COST = 10
TECHNICIAN_COST = 10

MACHINES = 3
    1     4   915
    2     3   625
    3     7   355

LOCATIONS = 54
    1   633   721
    2   347   450
    3   426   351
    4   714   449
    5   552   531
    6   187   395
    7   558   663
    8   559   244
    9   215   320
   10   536   753
   11   606   674
   12   471   218
   13   482   748
   14   353   513
   15   124   309
   16   702   557
   17   256   332
   18   163   317
   19   195   302
   20   314   471
   21   230   411
   22   311   472
   23   463   448
   24   485   406
   25   332   314
   26   211   173
   27   698   701
   28   202   336
   29   496   451
   30   412   280
   31   537   393
   32   371   442
   33   758   476
   34   417   416
   35   284   477
   36   445   268
   37   219   345
   38   499   392
   39   327   478
   40   267   307
   41   371   449
   42    41   198
   43   262   502
   44   167   370
   45   260   437
   46   590   351
   47   550   585
   48   299   523
   49    49   161
   50   205   218
   51   546   743
   52   664   662
   53   495   571
   54   678   531

REQUESTS = 150
    1    39     1     6     2     3
    2    19     1     6     3     2
    3     2     1     3     3     2
    4     2     1     4     2     1
    5    34     1     5     2     3
    6    28     1     3     2     3
    7    13     1     2     3     1
    8    11     1     2     1     3
    9    50     1     4     2     1
   10    27     1     3     2     1
   11    36     1     2     2     3
   12    22     2     4     2     3
   13    50     2     3     3     2
   14    45     2     5     3     1
   15    35     2     4     1     2
   16     2     2     4     3     2
   17    45     2     4     3     2
   18     9     2     3     3     1
   19    27     2     7     1     1
   20    46     2     3     2     2
   21    43     2     7     2     3
   22    15     2     5     2     1
   23    24     2     4     3     2
   24    22     2     6     3     2
   25     5     2     5     3     1
   26    41     2     5     2     3
   27    43     2     5     1     1
   28     7     2     3     3     2
   29    27     3     8     3     2
   30    21     3     6     3     2
   31    19     3     5     1     3
   32    49     3     6     1     2
   33    28     3     7     3     1
   34    31     3     5     3     1
   35    18     3     4     2     1
   36     5     4     8     1     3
   37    17     4     9     1     3
   38    43     4     5     1     3
   39     4     4     7     3     2
   40    27     4     6     2     3
   41    37     4     8     1     3
   42    39     4     8     1     2
   43    44     4     5     1     2
   44    47     4     9     1     1
   45    15     4     8     2     1
   46    14     4     6     2     2
   47    14     4     7     1     2
   48    49     4     6     3     2
   49    39     4     7     2     2
   50    18     4     7     1     2
   51    16     4     5     3     1
   52    38     4     8     3     2
   53    39     4     6     2     3
   54    14     5    10     2     1
   55    47     5    10     3     1
   56     8     5     6     1     2
   57    27     5    10     2     3
   58    48     5     9     3     2
   59    40     5     9     3     1
   60    34     5     7     3     2
   61    23     5     6     1     3
   62    14     5     8     1     1
   63    33     5     8     3     2
   64    30     5     7     2     2
   65    12     5     7     1     3
   66    50     5    10     3     2
   67    50     5     6     1     2
   68    22     5    10     2     1
   69    50     5     9     1     1
   70    27     5     6     2     1
   71    41     5     9     3     1
   72    23     6     9     1     1
   73    41     6     7     3     2
   74    31     6     9     1     1
   75    32     6     7     1     1
   76    51     6    11     2     2
   77    13     6     9     1     2
   78    20     6     8     2     1
   79    51     6    10     1     3
   80    49     6     7     2     1
   81     8     6    10     3     2
   82     6     6     9     3     2
   83    27     6     7     1     2
   84    22     6     9     1     1
   85    35     6     9     3     2
   86     7     6    11     3     2
   87    32     6     7     1     3
   88    50     6     7     2     2
   89    14     6    10     2     1
   90    43     7     9     2     1
   91    23     7     8     1     1
   92    43     7    11     1     2
   93     8     7    10     2     2
   94    47     7    11     3     2
   95    39     7     9     3     2
   96    33     7     9     2     3
   97    24     7    12     1     3
   98    24     7     9     1     2
   99    23     7    10     1     3
  100    32     7    11     1     3
  101    28     7    11     1     3
  102    35     7     8     3     1
  103    38     7    10     3     1
  104    14     7    12     1     3
  105    16     7    11     3     1
  106    51     7     8     2     1
  107     7     7     8     1     2
  108     7     7     9     2     1
  109    36     8    13     1     3
  110     7     8    10     3     2
  111    14     8    12     1     1
  112    43     8    13     3     2
  113    29     8    13     2     3
  114    28     8     9     1     2
  115    44     8    10     1     1
  116    42     8    11     1     3
  117    39     8    11     3     1
  118    15     8    10     1     3
  119     9     8    10     2     3
  120    17     8    11     1     2
  121    38     8    11     3     2
  122     7     8    11     2     2
  123     4     9    11     3     1
  124    38     9    10     1     2
  125    37     9    10     2     2
  126    42     9    14     2     3
  127    10     9    14     3     1
  128    41     9    12     1     2
  129    46     9    13     2     1
  130     2     9    11     1     2
  131    40     9    10     1     2
  132    33     9    14     2     1
  133    12     9    12     3     2
  134    40     9    13     2     3
  135    43     9    10     3     2
  136    47     9    13     3     1
  137     9     9    13     3     2
  138    10     9    11     1     1
  139    38     9    12     3     2
  140    43     9    14     1     2
  141     3     9    11     1     1
  142    38     9    11     1     1
  143    44     9    11     3     1
  144    45     9    13     2     1
  145    40     9    12     2     3
  146    39     9    13     2     3
  147    39     9    14     2     3
  148    22     9    11     1     3
  149    31     9    14     1     1
  150    24     9    11     3     2

TECHNICIANS = 25
    1    24   850     8  1 1 1
    2    10   515     5  1 0 1
    3     1   815     8  1 1 0
    4    47   775     8  1 0 0
    5    24   750     6  0 1 0
    6     1   570    10  1 0 1
    7     3   145     7  1 0 0
    8    22   550     7  0 1 0
    9     9   420     5  0 0 1
   10    10   690     6  1 1 1
   11     2   910    10  1 1 1
   12    45   710     7  1 1 1
   13    33   545     8  0 0 1
   14     7   300     8  0 1 0
   15     5   430     7  1 1 0
   16     1   815     7  1 1 1
   17     1   595     6  0 1 1
   18    15   130     8  1 1 1
   19    52   210    10  0 1 1
   20    53   305     5  1 0 0
   21     1   815     9  0 1 0
   22    21   375     9  0 0 1
   23    54   740     5  1 1 0
   24     1   145    10  1 1 1
   25    39   330     8  0 0 1

