DATASET = ORTEC Hidden VeRoLog 2019
NAME = Instance 19

DAYS = 45
TRUCK_CAPACITY = 18
TRUCK_MAX_DISTANCE = 1010

TRUCK_DISTANCE_COST = 100000
TRUCK_DAY_COST = 10
TRUCK_COST = 10
TECHNICIAN_DISTANCE_COST = 10000
TECHNICIAN_DAY_COST = 100000
TECHNICIAN_COST = 10000

MACHINES = 6
    1     7   190
    2     5   130
    3     6   865
    4     7   740
    5     5   550
    6     8   285

LOCATIONS = 60
    1   319   437
    2   280   304
    3   315   464
    4   777   646
    5   641   551
    6   522   749
    7   737   482
    8   235   369
    9   714   355
   10   245   348
   11   463   372
   12   140   327
   13   514   738
   14   577   478
   15   516   359
   16   201   345
   17   248   349
   18   325   480
   19   281   404
   20   267   511
   21   199   315
   22   349   397
   23   501   729
   24   507   306
   25   188   368
   26   521   311
   27   309   370
   28   322   483
   29   450   384
   30   373   443
   31   209   401
   32   434   508
   33   507   304
   34   514   326
   35   242   339
   36   348   513
   37   221   325
   38   627   336
   39   282   550
   40   250   333
   41   268   303
   42    82   284
   43   516   493
   44   418   279
   45   547   426
   46   270   369
   47   276   537
   48   328   508
   49   541   359
   50   364   395
   51   384   391
   52   550   585
   53   731   740
   54   542    19
   55   496   735
   56   487   613
   57   637   528
   58   273   314
   59   542   449
   60   466   243

REQUESTS = 150
    1    28     1     5     4     2
    2    27     1     2     5     3
    3     5     1     3     6     2
    4     5     1     2     5     2
    5    32     1     4     4     1
    6    17     2     6     6     2
    7    37     2     4     6     1
    8    47     3     8     6     1
    9    12     3     4     6     2
   10     4     4     9     1     2
   11    19     4     8     4     2
   12    41     4     5     3     2
   13    48     4     7     6     2
   14    36     4     8     2     2
   15    27     4     8     2     1
   16    40     4     6     6     1
   17     5     4     6     3     1
   18     2     5     7     4     2
   19     3     5     7     2     2
   20    43     5     9     6     1
   21    13     5     9     2     1
   22    12     5    10     4     2
   23    40     6     9     2     1
   24    29     6    11     4     2
   25    13     7    12     3     1
   26    18     7     9     4     1
   27    24     8    13     3     3
   28    45     8    13     5     1
   29    46     8    11     5     1
   30    50     8    12     5     3
   31    31     8    12     3     2
   32     3     9    14     5     1
   33     5     9    14     4     1
   34     7     9    12     1     1
   35    40     9    13     2     3
   36     3     9    12     4     1
   37     4    10    11     1     1
   38    29    10    15     1     1
   39    31    10    11     4     1
   40     4    11    12     2     1
   41    22    12    15     6     1
   42    49    12    14     6     2
   43    37    12    14     1     1
   44     4    12    13     3     2
   45    23    13    14     6     1
   46     4    13    18     2     3
   47    39    13    15     6     2
   48    31    13    15     4     2
   49    30    13    18     6     1
   50    40    14    15     6     2
   51    22    14    18     2     1
   52    11    14    17     5     3
   53    19    15    17     6     1
   54     7    15    18     6     1
   55    47    16    18     4     2
   56    24    16    20     4     2
   57    51    16    21     4     2
   58    40    16    17     3     2
   59    41    16    20     1     2
   60    30    16    21     5     3
   61    14    17    20     3     1
   62    40    17    19     2     1
   63    12    18    23     3     3
   64    42    19    22     1     2
   65    35    19    20     5     2
   66    28    19    22     6     2
   67     4    19    20     6     1
   68    35    19    24     5     1
   69    35    20    25     4     1
   70    32    20    23     6     2
   71    34    20    25     1     2
   72    32    21    22     4     1
   73    32    22    27     1     1
   74    33    22    24     2     3
   75    10    22    27     2     1
   76    15    23    25     6     1
   77    39    23    25     4     1
   78    11    23    27     3     2
   79    24    23    24     5     2
   80    44    23    27     6     2
   81    15    23    28     5     3
   82     2    23    26     4     1
   83    22    24    26     4     2
   84    49    24    28     2     2
   85    27    24    29     4     2
   86    31    25    26     5     3
   87    50    25    30     6     2
   88    21    25    30     4     2
   89    31    25    30     3     1
   90    26    26    27     6     2
   91     4    27    31     4     2
   92    30    27    32     3     3
   93    37    27    31     5     3
   94    17    27    31     3     3
   95     9    27    30     4     1
   96    44    27    30     5     2
   97    24    27    30     3     2
   98     4    27    31     6     2
   99    19    27    32     4     2
  100    28    28    29     1     2
  101    20    28    32     1     1
  102    16    28    30     3     3
  103    29    28    33     4     1
  104    37    28    29     6     2
  105    12    28    30     5     1
  106    50    29    30     3     1
  107    20    29    31     6     1
  108     9    29    33     3     2
  109    39    29    32     1     1
  110    24    29    30     6     1
  111    26    30    33     1     2
  112    24    30    31     4     1
  113    15    31    33     4     1
  114    42    31    34     1     1
  115    49    31    35     3     2
  116    12    31    36     2     2
  117    41    31    35     5     2
  118     3    31    34     6     1
  119    40    32    34     4     1
  120    37    32    35     3     3
  121    11    32    37     4     1
  122    43    32    34     4     2
  123     7    32    37     3     3
  124    12    33    38     5     3
  125    48    33    35     5     1
  126    23    34    39     2     2
  127    12    34    38     1     2
  128    14    34    36     1     1
  129     3    34    35     4     2
  130    43    35    39     4     1
  131    42    35    40     3     1
  132    39    35    37     2     2
  133    39    35    39     4     2
  134    39    35    37     3     2
  135    21    35    36     5     2
  136    32    36    41     6     2
  137    36    36    39     4     1
  138    18    36    38     1     2
  139    16    37    41     2     2
  140    13    37    42     3     3
  141    21    37    40     5     2
  142    37    38    39     3     3
  143     8    38    39     2     3
  144    31    38    40     2     2
  145    23    38    40     3     2
  146    48    38    41     4     1
  147    39    38    39     3     1
  148     3    39    40     4     2
  149    40    39    42     3     2
  150    46    39    40     3     2

TECHNICIANS = 100
    1     1   685     7  0 0 0 0 0 1
    2    16   800     6  1 0 1 0 0 0
    3     3   385     5  0 1 0 0 1 0
    4     1   270    10  1 0 0 0 0 0
    5    34    85     7  0 1 0 0 0 1
    6    48   700     5  1 0 0 1 0 1
    7     7   340    10  0 0 1 1 0 0
    8    47   345     5  1 0 0 1 0 1
    9    52   470     9  0 0 0 0 0 1
   10    48   365     5  1 0 1 1 0 0
   11     1   300     5  0 0 1 0 0 1
   12    33   870     9  0 0 1 1 0 0
   13     1   460     5  0 0 1 0 1 1
   14    29   105     7  1 1 0 0 1 0
   15    18   480     9  0 1 0 0 0 0
   16    16   815     7  0 0 1 0 0 1
   17    18   385     5  0 1 1 0 0 1
   18     1   745     6  0 0 1 0 0 0
   19    41   580     8  0 0 1 1 0 1
   20    53   210     9  0 1 0 0 0 0
   21    29   320     9  0 0 0 1 0 0
   22    54   125     5  0 0 0 0 1 0
   23    28   425     8  0 0 1 1 0 0
   24    34   825     7  0 1 0 0 0 1
   25    19   550     9  0 0 0 1 0 1
   26     6   345     6  0 1 0 0 0 1
   27     1   550     9  1 0 0 1 0 0
   28    37   230     6  1 0 1 0 1 0
   29    40   230     6  1 1 0 0 1 0
   30    49   445     9  0 0 1 1 0 0
   31     1   840     5  1 0 0 0 1 1
   32    21   395     9  0 0 1 1 0 0
   33     1   890     6  1 0 0 0 0 1
   34    43   730     8  0 1 0 1 0 0
   35    23   925     6  0 0 1 1 0 0
   36     1   365     9  0 1 0 1 1 0
   37    21   215     7  1 0 0 0 1 0
   38    47   945     5  0 0 0 0 1 1
   39     8   415    10  1 0 0 0 0 0
   40    16   535     9  1 1 0 0 0 0
   41    39   125     7  0 0 0 1 0 0
   42     1   920    10  0 0 0 0 0 1
   43    48   120     8  0 0 0 0 0 1
   44    48   195     9  1 0 0 0 0 0
   45    16   550     5  1 0 0 0 0 1
   46    30   650     8  0 0 0 0 1 0
   47    26   155     7  0 0 0 1 1 0
   48    42   140     8  0 0 0 0 1 0
   49    19   755    10  1 0 0 1 0 1
   50     1   215     7  1 0 0 1 1 0
   51    28   620     5  0 1 1 0 1 0
   52    35   465    10  1 1 1 0 0 0
   53    16   155     9  1 0 0 0 1 1
   54    39   920     9  0 0 1 0 1 1
   55    49   745     5  1 0 0 0 0 0
   56    55   620     9  0 0 1 0 0 0
   57     2   545     9  0 0 0 1 0 0
   58    35   670     7  1 1 0 0 0 0
   59    22   485     9  0 0 1 1 0 1
   60    13   280     7  1 1 0 0 0 0
   61    27   570     5  0 0 0 0 1 0
   62    56   375    10  1 0 0 0 0 0
   63     1   590     5  0 0 0 0 1 0
   64    38   800     8  1 0 0 0 0 1
   65    39   375     9  0 1 0 0 0 1
   66    11   645     9  0 1 0 1 0 0
   67    57   920     8  0 0 0 1 0 0
   68     4   755     6  1 0 0 0 0 0
   69     9   785     7  1 1 0 0 0 0
   70    12   910     8  0 0 0 1 1 0
   71    35   400     5  0 1 1 1 0 0
   72     1   610    10  0 0 0 0 0 1
   73     1   240     9  0 0 0 1 0 0
   74    22   850     7  1 0 0 0 0 0
   75    58   550     6  0 0 1 0 1 0
   76    59   165     8  1 0 1 0 0 1
   77     1   255    10  0 0 0 0 1 1
   78    35   375    10  0 0 0 0 1 0
   79    45   550     5  0 1 0 0 0 0
   80    31   275     6  0 1 0 1 1 0
   81     1   425     7  0 0 1 0 1 1
   82     1   755     8  1 0 0 0 0 1
   83    14   400     7  0 1 0 1 0 1
   84    19   890     6  1 0 0 0 0 0
   85    32   440     8  1 0 0 1 0 0
   86    60   645     7  0 0 1 1 0 1
   87     1   245     9  1 0 1 1 0 0
   88     1   345     8  1 1 0 0 0 1
   89    33   385     8  1 0 0 0 0 0
   90     1   260     5  0 0 0 1 0 0
   91    41   620     7  0 0 0 1 1 0
   92    42   130     8  0 1 0 0 1 1
   93     1   450    10  0 0 0 1 1 0
   94    44   230     9  1 0 0 0 0 0
   95    11   575    10  1 0 0 0 0 1
   96     5   460    10  0 0 0 0 0 1
   97     1   810     9  1 0 0 0 0 1
   98    44   805    10  1 0 0 0 1 1
   99    18   935    10  0 1 1 1 0 0
  100    12   930    10  1 1 0 0 0 0

