DATASET = ORTEC Hidden VeRoLog 2019
NAME = Instance 5

DAYS = 55
TRUCK_CAPACITY = 18
TRUCK_MAX_DISTANCE = 2000

TRUCK_DISTANCE_COST = 1000
TRUCK_DAY_COST = 100000
TRUCK_COST = 10000
TECHNICIAN_DISTANCE_COST = 100000
TECHNICIAN_DAY_COST = 100000
TECHNICIAN_COST = 100000

MACHINES = 7
    1     8   206
    2     3   510
    3     3   263
    4     8    60
    5     4   232
    6     8   422
    7     5   304

LOCATIONS = 270
    1   258   471
    2   621   363
    3   539   518
    4   165   361
    5   240   367
    6   399   570
    7   682   712
    8   386   254
    9   264   314
   10   543   163
   11   550     1
   12   283   551
   13   542   358
   14   342   373
   15   501   651
   16   456   456
   17   161   333
   18   265   505
   19   574   345
   20   283   474
   21   206   323
   22   669   656
   23   253   498
   24   197   382
   25   634   417
   26   364   395
   27   558   391
   28   522   358
   29   698   355
   30   531   349
   31   305   495
   32   334   451
   33   452   461
   34   548   235
   35   258   340
   36   247   330
   37   234   321
   38   298   463
   39   547   498
   40   295   266
   41   337   449
   42   268   310
   43   186   385
   44   578   741
   45   336   414
   46   585   181
   47   545   341
   48   308   465
   49   735   596
   50   690   378
   51   198   379
   52   326   457
   53   665   359
   54   355   231
   55   561   683
   56   397   273
   57   314   483
   58   603   327
   59   454   373
   60   357   744
   61   541   426
   62   208   364
   63   252   342
   64   681   758
   65   187   387
   66   523   282
   67   555   702
   68   303   430
   69   309   466
   70   308   475
   71   545   499
   72   398   291
   73   345   497
   74   398   417
   75   381   174
   76   547   499
   77   301   554
   78   703   591
   79   610   702
   80   621   617
   81   189   310
   82   444   514
   83   468   199
   84   495   572
   85   247   346
   86   267   479
   87   634   348
   88   339   393
   89   261   235
   90   696   766
   91   627   705
   92   436   439
   93   301   554
   94   187   216
   95   568   379
   96   610   393
   97   369   289
   98   578   705
   99   360   331
  100   311   449
  101   755   672
  102   231   341
  103   350   227
  104   182   334
  105   480   361
  106   317   258
  107   315   483
  108   266   468
  109   548   498
  110   501    65
  111   408   272
  112   529   278
  113   235   352
  114   191   393
  115   646   540
  116   541    39
  117   542   326
  118   183   339
  119   288   256
  120   268   307
  121   736   424
  122   365   387
  123   261   372
  124   612   347
  125   585   179
  126   179   339
  127   585   385
  128   719   581
  129   244   352
  130   343   613
  131   471   205
  132   670   468
  133   529   358
  134   387   329
  135     0   170
  136   757   440
  137   597   591
  138   288   645
  139   279   538
  140   490   304
  141   546   741
  142   435   172
  143   301   449
  144   258   476
  145   788   641
  146   612   347
  147   533   619
  148   280   540
  149   199   378
  150   406   276
  151   633   410
  152   486   139
  153   441   336
  154   659   438
  155   514   313
  156   370   327
  157   718   590
  158   271   299
  159   358   387
  160   233   325
  161   416   418
  162   348   554
  163   144   230
  164   335   572
  165   200   314
  166   391   480
  167   204   321
  168   436   185
  169   439   186
  170   443   669
  171   237   338
  172   173   271
  173   601   327
  174   319   484
  175   393   277
  176   746   426
  177   574   178
  178   447   199
  179   519    67
  180   263   489
  181   361   376
  182   567   342
  183   216   311
  184   562   685
  185   551   129
  186   326   468
  187   309   466
  188   549   364
  189   575   373
  190   314   476
  191   363   269
  192   511   312
  193   601   334
  194   544   450
  195   385   347
  196   452   372
  197   528   111
  198   396   566
  199   300   443
  200   205   337
  201   299   618
  202   302   472
  203   257   467
  204   665   382
  205   239   473
  206   528   352
  207   604   355
  208   514   300
  209   331   462
  210   310   309
  211   628   587
  212   457   337
  213   572   342
  214   547   638
  215   398   379
  216   291   466
  217   671   369
  218   188   387
  219   506   311
  220   306   451
  221   355   429
  222   285   509
  223   552   150
  224   295   498
  225   377   295
  226   201   342
  227   416   325
  228   368   270
  229   758   442
  230   276   543
  231   262   476
  232   355   242
  233   527   356
  234   207   365
  235   268   451
  236   300   553
  237   430   329
  238   586   565
  239   390   475
  240   309   455
  241   674   373
  242   267   312
  243   356   364
  244   367   380
  245   544   618
  246   397   322
  247   263   352
  248   298   467
  249   302   310
  250   640   673
  251   670   715
  252   705   391
  253   176   345
  254   511   311
  255   268   207
  256   258   454
  257   384   391
  258   730   426
  259   354   574
  260   537   337
  261   602   353
  262   347   391
  263   517   349
  264   661   671
  265   700   410
  266   422   326
  267   504    49
  268   205   357
  269   334   333
  270   194   355

REQUESTS = 750
    1   181     1     2     4     1
    2   155     1     3     1     2
    3     4     1     4     5     3
    4   141     1     2     3     3
    5   243     1     5     2     2
    6    16     1     4     1     1
    7   167     1     5     7     3
    8   172     1     4     2     2
    9   170     1     2     4     2
   10   142     1     3     4     2
   11   165     1     6     6     2
   12   111     1     5     5     3
   13   143     1     5     3     2
   14   159     1     2     3     1
   15   174     1     4     6     2
   16   190     1     2     5     2
   17   127     1     4     7     1
   18   212     1     6     3     2
   19    32     1     6     5     2
   20   145     2     7     1     1
   21    45     2     3     4     1
   22    23     2     4     5     2
   23    53     2     6     4     1
   24    38     2     6     5     3
   25   174     2     3     5     1
   26   200     2     4     1     2
   27   103     2     3     5     3
   28   162     2     7     4     2
   29    82     2     4     6     2
   30   188     2     6     2     1
   31   172     2     5     3     2
   32    25     2     5     1     2
   33   170     2     3     7     2
   34   242     2     3     3     1
   35   197     2     7     5     2
   36   152     3     6     5     2
   37   160     3     8     4     1
   38   211     3     8     6     2
   39   171     3     4     6     1
   40   129     3     6     4     1
   41   108     3     5     3     1
   42   160     3     5     3     3
   43   142     3     5     3     3
   44    10     3     7     5     3
   45   187     3     7     3     3
   46   138     3     8     7     2
   47   121     3     6     7     3
   48    79     3     8     1     1
   49   124     3     4     2     1
   50   107     3     6     5     1
   51    16     3     6     7     2
   52   170     3     7     2     2
   53   231     3     6     7     2
   54    42     3     6     4     2
   55   214     3     6     5     1
   56    76     4     5     4     2
   57   143     4     5     1     1
   58   248     4     9     4     2
   59   195     4     5     4     2
   60    79     4     7     3     1
   61   226     4     8     4     2
   62   112     4     7     3     3
   63   199     4     5     6     1
   64   148     4     5     4     1
   65   220     4     7     7     2
   66     4     4     9     1     2
   67    77     4     6     1     2
   68   185     4     7     1     1
   69    94     4     5     6     1
   70   183     5     6     7     2
   71    52     5     9     5     3
   72    85     5     8     6     2
   73   154     5     8     2     2
   74    81     5     8     2     2
   75    48     5     7     5     2
   76   243     5     6     1     1
   77   231     5     7     2     3
   78   121     5     6     6     2
   79    20     5     9     2     1
   80   209     5     9     1     1
   81    48     5     9     7     3
   82   207     5     8     5     2
   83    24     5     8     3     2
   84   203     5     7     7     3
   85   190     5     6     1     2
   86   120     5     9     5     1
   87   135     6    11     4     2
   88   116     6    10     5     2
   89   172     6    10     6     2
   90    47     6     7     6     1
   91   202     6     9     5     2
   92   208     6     8     6     2
   93   136     6    11     4     2
   94   185     6     7     7     1
   95   187     6    10     5     2
   96   146     6     9     3     1
   97   131     6     9     5     2
   98   235     6     9     3     2
   99   117     6     7     4     2
  100   139     6     9     7     1
  101   110     6     9     4     2
  102   134     6     8     4     2
  103   132     6     8     5     2
  104   184     6     7     4     1
  105   142     6     7     3     3
  106   212     6     8     4     1
  107   187     6    11     4     2
  108   186     6     7     4     1
  109   208     7    12     1     1
  110   120     7     9     4     1
  111   151     7    12     6     1
  112   204     7    12     4     1
  113   134     7    10     1     1
  114   205     7    11     6     1
  115   159     7    11     1     1
  116    10     7     8     7     3
  117   140     7     8     1     2
  118   177     7    10     3     3
  119   147     7     9     6     1
  120   160     7    10     4     2
  121    60     7    11     3     2
  122   171     7    12     2     3
  123    54     8    10     7     2
  124    78     8    11     1     2
  125     8     8    13     5     3
  126    10     8    13     1     1
  127    64     8    12     5     2
  128   193     8    10     5     1
  129   116     8    12     1     2
  130   209     8    10     3     3
  131    66     8     9     4     2
  132   102     8    12     6     2
  133   251     8    11     3     3
  134    43     8    12     2     3
  135   234     8    12     5     2
  136    72     8    13     1     1
  137   207     8    10     3     3
  138   169     9    10     7     3
  139    81     9    13     7     3
  140    70     9    11     1     2
  141     6     9    13     7     3
  142   129     9    14     5     3
  143   158     9    11     2     1
  144    94     9    10     6     1
  145   131     9    12     6     1
  146   140     9    11     3     2
  147   137     9    14     6     1
  148   195     9    13     7     2
  149   121     9    10     7     3
  150   120     9    12     5     1
  151    29     9    12     2     3
  152    78     9    14     7     2
  153   215     9    11     2     1
  154   193     9    11     6     2
  155     2     9    14     5     2
  156   187     9    13     1     2
  157   139     9    13     6     2
  158   183    10    13     5     1
  159   205    10    15     5     1
  160   196    10    13     5     2
  161   157    10    15     1     2
  162    19    10    11     4     1
  163   224    10    11     2     3
  164   217    10    15     5     3
  165   148    10    11     1     1
  166    75    10    15     3     1
  167    21    10    11     7     2
  168   172    10    12     7     3
  169   172    10    11     3     2
  170    18    10    12     2     3
  171    55    10    14     6     2
  172   234    10    14     4     1
  173   237    10    15     6     1
  174    87    10    13     3     1
  175    30    11    15     1     1
  176    54    11    12     1     2
  177   123    11    15     2     1
  178   102    11    15     3     3
  179   203    11    16     6     2
  180   211    11    15     5     2
  181   208    11    14     5     2
  182    80    11    14     2     3
  183   161    11    12     5     1
  184    31    11    14     3     1
  185    82    12    16     3     3
  186   192    12    16     3     1
  187    15    12    13     1     2
  188    10    12    15     3     3
  189   198    12    16     3     2
  190   183    12    16     4     2
  191    53    12    15     2     3
  192   203    12    14     7     3
  193   250    12    17     1     1
  194    96    12    16     2     1
  195   119    12    15     7     3
  196    66    12    15     3     3
  197    37    12    14     2     2
  198   251    12    14     1     1
  199   134    12    17     3     2
  200   236    12    17     1     1
  201    63    12    15     3     1
  202   189    12    17     7     1
  203   169    12    15     5     2
  204    30    12    16     4     2
  205   124    12    15     3     3
  206   128    13    15     4     2
  207   227    13    18     7     1
  208   200    13    14     4     2
  209    92    13    15     7     3
  210    18    13    17     2     3
  211   128    13    14     6     1
  212    16    13    15     4     2
  213    19    13    18     5     1
  214   213    13    15     6     2
  215   195    13    18     5     2
  216    43    13    15     4     1
  217   203    13    16     1     1
  218     3    13    16     3     2
  219   137    13    16     1     1
  220    10    13    17     4     1
  221   214    13    18     3     1
  222   143    13    16     3     1
  223   146    14    15     2     2
  224   105    14    16     2     2
  225   242    14    15     4     1
  226    20    14    15     7     3
  227   196    14    15     7     2
  228   202    14    15     3     1
  229   251    14    19     5     2
  230   172    14    15     2     2
  231     7    14    19     1     1
  232    35    14    15     2     3
  233   129    14    18     3     2
  234   100    14    15     1     1
  235   197    14    15     3     2
  236    35    14    17     5     3
  237   183    14    19     6     1
  238    51    15    17     5     2
  239   105    15    18     5     1
  240   123    15    18     3     3
  241   183    15    17     2     2
  242    84    15    17     3     3
  243   182    15    19     4     2
  244   101    15    19     2     3
  245   169    15    18     1     2
  246   193    15    16     3     3
  247   219    15    16     1     2
  248   203    15    19     3     2
  249    63    16    18     1     2
  250   219    16    18     2     3
  251    78    16    21     4     1
  252   121    16    20     5     3
  253    54    16    19     1     1
  254    99    16    18     2     3
  255   250    16    17     2     3
  256   121    16    17     1     2
  257   143    16    18     1     2
  258    69    16    21     1     1
  259   110    16    19     4     2
  260    93    17    22     4     1
  261   107    17    22     5     1
  262   167    17    22     2     3
  263   226    17    18     3     1
  264   219    17    19     4     2
  265   102    17    19     1     2
  266   193    17    18     7     2
  267    76    17    18     4     1
  268   204    17    19     4     2
  269    35    17    22     6     2
  270   128    17    19     1     2
  271   130    17    20     3     3
  272   187    17    21     5     1
  273   134    17    19     3     1
  274     7    17    20     3     2
  275   249    17    20     3     3
  276    84    17    21     7     1
  277   105    18    20     3     3
  278   121    18    19     1     1
  279    73    18    22     3     1
  280   110    18    22     6     2
  281    88    18    19     6     1
  282   208    18    20     1     2
  283   237    18    21     7     1
  284    84    18    20     2     1
  285   156    18    23     3     1
  286    63    18    22     2     3
  287   201    18    22     2     1
  288    56    18    21     5     2
  289   107    18    22     3     2
  290   113    18    20     4     2
  291    22    18    23     4     1
  292   124    18    19     6     1
  293    42    18    23     5     1
  294    58    18    21     6     2
  295   249    18    22     3     2
  296   232    19    20     7     1
  297   130    19    21     4     1
  298   210    19    21     3     2
  299    26    19    23     7     2
  300   144    19    20     6     2
  301    21    19    23     1     1
  302   131    19    24     3     3
  303    31    19    21     1     2
  304   181    19    22     4     2
  305     8    19    21     6     1
  306    18    19    22     4     1
  307   216    19    24     2     3
  308   132    19    21     5     2
  309    78    19    23     3     3
  310   223    19    21     4     2
  311   103    19    20     2     1
  312   113    19    24     5     1
  313    12    20    25     5     1
  314   114    20    22     4     2
  315   109    20    24     6     2
  316   150    20    22     1     2
  317    58    20    22     1     2
  318    70    20    24     2     3
  319    78    20    24     1     2
  320    20    20    25     6     1
  321    90    20    21     5     2
  322   117    20    21     7     1
  323   223    20    23     4     2
  324   119    20    22     6     2
  325    20    20    21     5     3
  326    58    20    22     7     3
  327    95    20    24     7     2
  328   116    20    22     3     3
  329   205    20    24     4     1
  330   143    20    23     1     2
  331   102    21    26     5     2
  332    40    21    24     4     2
  333   141    21    24     3     2
  334   118    21    26     5     3
  335    27    21    26     4     1
  336   182    21    22     1     1
  337   112    21    23     1     1
  338    60    21    24     3     2
  339    43    21    23     3     3
  340   138    21    26     6     2
  341    10    21    26     2     1
  342   233    21    26     3     2
  343   110    21    26     7     3
  344    78    22    26     3     2
  345   152    22    27     4     2
  346   166    22    25     3     1
  347   212    22    27     5     2
  348   229    22    24     6     2
  349   205    22    25     6     2
  350   218    22    25     5     2
  351    91    22    24     2     1
  352   181    22    23     5     2
  353   118    22    25     4     2
  354   246    22    24     5     2
  355    34    22    24     7     2
  356    31    22    27     1     1
  357   175    22    25     6     1
  358   154    22    26     4     2
  359   122    23    28     2     1
  360   152    23    26     7     1
  361   213    23    25     6     1
  362    73    23    25     5     3
  363    15    23    27     4     2
  364    19    23    26     7     2
  365    78    23    28     6     1
  366    57    23    28     6     1
  367     9    23    27     4     1
  368     8    23    27     5     3
  369    96    23    25     5     3
  370   135    23    26     2     1
  371   141    23    26     2     2
  372   227    23    24     5     1
  373   109    24    26     3     1
  374    96    24    25     4     1
  375   236    24    29     7     2
  376    93    24    26     1     1
  377    39    24    28     4     2
  378   129    24    27     3     1
  379   144    24    27     5     1
  380   179    24    26     1     1
  381   126    24    27     4     1
  382   212    24    29     5     3
  383    32    24    28     5     3
  384   120    24    28     7     3
  385    69    24    26     7     1
  386    10    24    25     5     3
  387   190    24    26     1     2
  388    58    24    25     3     2
  389    13    24    25     4     1
  390    99    24    29     4     2
  391    87    24    25     4     2
  392   148    25    28     2     3
  393    42    25    27     7     3
  394    19    25    28     6     2
  395    22    25    26     3     3
  396    46    25    26     4     1
  397   163    25    26     3     2
  398    26    25    29     5     3
  399   143    25    27     3     2
  400    85    25    26     3     2
  401    10    25    28     3     1
  402   140    25    26     1     1
  403    51    25    29     5     1
  404    50    25    27     3     2
  405    26    25    27     6     2
  406    22    26    27     6     1
  407   166    26    28     4     1
  408    74    26    30     4     1
  409   140    26    28     4     2
  410    33    26    27     1     1
  411     4    26    27     3     1
  412    64    26    31     5     3
  413   236    26    29     1     2
  414     8    26    31     5     1
  415    59    26    31     6     2
  416   121    26    30     3     1
  417   176    26    28     6     1
  418    86    26    28     3     2
  419    11    26    29     4     2
  420   188    27    28     6     2
  421   193    27    32     3     2
  422   191    27    30     5     2
  423   244    27    32     4     2
  424   125    27    32     6     2
  425   197    27    29     6     1
  426    73    27    31     1     1
  427   197    27    31     3     3
  428   174    27    32     1     2
  429   120    27    29     2     1
  430    97    27    29     2     2
  431    82    27    32     3     1
  432   188    27    28     2     3
  433   109    27    28     3     3
  434    19    28    30     2     3
  435    40    28    31     5     2
  436   178    28    29     6     1
  437   158    28    29     6     2
  438   242    28    31     6     1
  439   143    28    32     2     1
  440   128    28    30     5     2
  441   229    28    29     6     2
  442    70    28    30     4     1
  443   217    28    33     4     2
  444    47    29    32     1     2
  445   202    29    31     6     1
  446   212    29    30     6     1
  447   244    29    34     4     1
  448    60    29    30     3     1
  449    38    29    30     3     3
  450   100    29    32     4     1
  451    11    29    34     3     2
  452   215    29    30     2     3
  453   218    29    31     3     3
  454    63    29    31     4     1
  455   135    29    34     7     3
  456    12    29    34     7     1
  457   160    29    32     1     2
  458    87    29    31     6     1
  459   204    29    34     2     1
  460    24    30    33     5     1
  461   115    30    35     3     1
  462   145    30    33     1     1
  463   223    30    31     7     3
  464   250    30    34     2     2
  465   167    30    34     7     1
  466   218    30    32     7     1
  467   121    30    35     4     1
  468   157    30    31     5     1
  469   153    30    34     4     2
  470   165    30    32     2     2
  471   125    30    32     3     1
  472    68    30    31     4     2
  473    54    30    33     2     2
  474   123    30    33     4     1
  475    28    30    33     4     2
  476    60    31    32     4     1
  477   121    31    32     2     2
  478    28    31    33     6     2
  479    22    31    33     2     2
  480   240    31    32     7     1
  481   235    31    32     3     3
  482    16    31    32     6     1
  483   161    31    35     4     2
  484   159    31    33     2     3
  485    43    31    36     7     3
  486    67    31    32     1     2
  487   158    31    32     4     1
  488   100    31    34     4     2
  489   179    32    35     6     2
  490   167    32    37     4     1
  491   206    32    35     6     1
  492   210    32    37     2     2
  493    65    32    37     1     1
  494    40    32    36     4     1
  495   158    32    34     3     2
  496     5    32    36     4     2
  497    42    32    33     6     2
  498   241    32    37     7     2
  499   125    32    37     5     3
  500   245    32    34     4     1
  501    79    32    35     7     2
  502   130    32    36     4     2
  503    74    33    34     2     1
  504    27    33    35     6     1
  505   144    33    37     5     2
  506   116    33    34     7     1
  507   247    33    37     1     1
  508   213    33    38     6     2
  509    73    33    35     1     1
  510   223    33    36     3     3
  511    66    33    38     2     1
  512   128    33    36     7     2
  513   179    33    35     3     1
  514   133    33    34     6     2
  515    96    33    36     2     3
  516    23    33    38     5     1
  517    43    33    34     3     1
  518    16    34    39     6     2
  519   206    34    35     3     2
  520   132    34    36     2     2
  521   118    34    37     5     3
  522    80    34    38     3     3
  523   111    34    36     4     1
  524   206    34    37     3     2
  525    90    34    38     7     2
  526   234    34    38     2     3
  527    97    34    35     3     1
  528    75    34    36     4     1
  529   133    34    35     5     1
  530   101    34    35     3     2
  531   186    34    38     5     2
  532   182    35    36     7     1
  533   182    35    36     3     3
  534   177    35    38     3     2
  535   186    35    39     3     3
  536    48    35    38     6     1
  537    71    35    40     1     2
  538   212    35    37     7     3
  539    36    35    39     3     3
  540   120    35    38     4     1
  541   138    35    36     6     1
  542   171    35    38     4     1
  543    32    35    40     1     1
  544   240    35    40     2     2
  545   202    35    38     3     3
  546   188    35    38     3     1
  547   111    35    38     2     1
  548    10    35    39     4     1
  549   174    36    37     6     2
  550   173    36    39     3     3
  551   129    36    40     5     1
  552    17    36    37     6     2
  553   118    36    37     6     1
  554   163    36    39     2     3
  555    43    36    41     7     3
  556    49    36    39     4     1
  557    33    36    40     7     1
  558   177    36    39     4     1
  559   216    36    39     2     1
  560   216    36    38     4     2
  561   164    36    37     2     2
  562    67    36    37     5     1
  563   220    36    41     2     3
  564   137    36    37     6     2
  565   237    36    38     5     2
  566   121    36    38     6     2
  567    82    37    41     3     2
  568   205    37    38     2     1
  569   137    37    41     1     2
  570   134    37    42     7     2
  571    23    37    42     5     3
  572   207    37    42     2     2
  573    63    37    38     6     2
  574   242    37    41     2     2
  575    23    38    42     6     2
  576   168    38    40     1     1
  577   125    38    40     4     2
  578   114    38    42     6     2
  579   145    38    43     6     1
  580    72    38    42     1     2
  581   167    38    41     5     2
  582   228    38    39     7     3
  583    69    38    39     3     2
  584   156    38    40     2     3
  585   105    39    42     7     2
  586    74    39    40     6     1
  587   225    39    42     2     2
  588   158    39    41     3     3
  589    68    39    43     5     1
  590    37    39    40     3     2
  591    41    39    43     6     1
  592   218    39    43     7     1
  593    70    39    43     6     2
  594   184    39    44     1     1
  595   109    39    43     4     2
  596   116    39    44     1     2
  597   241    39    44     7     3
  598   222    39    41     6     1
  599   167    39    42     4     1
  600   182    39    41     5     2
  601    16    39    43     2     1
  602   166    39    41     7     2
  603   132    40    41     3     3
  604   164    40    42     1     1
  605   113    40    45     7     1
  606    60    40    43     3     2
  607   145    40    45     3     1
  608     9    40    42     1     2
  609   174    40    44     2     3
  610    67    40    43     1     2
  611   155    40    42     2     1
  612    78    40    45     1     2
  613    60    40    44     1     2
  614   165    40    41     6     2
  615    67    40    41     3     1
  616   167    40    44     7     1
  617   105    40    43     1     1
  618   113    40    43     6     1
  619    40    40    43     3     3
  620   216    40    42     6     1
  621   129    40    41     6     1
  622   191    41    45     1     1
  623    76    41    43     4     1
  624   239    41    46     1     1
  625   225    41    44     6     1
  626   174    41    46     4     2
  627    55    41    45     6     2
  628   216    41    43     2     3
  629   250    41    44     5     2
  630   126    41    45     7     2
  631    61    42    45     1     1
  632   209    42    46     4     2
  633   108    42    44     6     2
  634   214    42    43     7     3
  635    16    42    46     1     2
  636   119    42    47     2     1
  637   177    42    43     7     3
  638   106    42    47     7     2
  639   250    42    43     1     1
  640   176    42    46     6     2
  641    79    42    43     2     3
  642    66    42    45     5     1
  643     3    42    43     6     2
  644   136    42    44     2     2
  645    43    43    44     5     1
  646   150    43    47     5     3
  647    38    43    48     1     2
  648   160    43    48     5     3
  649   134    43    45     1     2
  650    65    43    44     5     2
  651    33    43    46     5     3
  652   108    43    48     6     1
  653   157    43    44     6     2
  654   180    43    44     5     3
  655    80    43    45     6     1
  656   156    43    47     2     2
  657    85    43    45     3     2
  658   227    43    48     7     2
  659   163    43    44     6     1
  660    24    44    47     7     1
  661    63    44    45     4     2
  662   106    44    46     7     3
  663   121    44    49     5     2
  664   195    44    46     5     1
  665   132    44    45     7     2
  666    14    44    48     6     2
  667   179    44    45     5     3
  668    41    44    46     6     2
  669    49    44    49     7     3
  670    48    44    46     6     2
  671   211    44    46     6     2
  672   240    44    47     1     1
  673    36    44    46     6     2
  674   228    44    46     7     3
  675    71    44    49     2     3
  676   181    45    50     4     2
  677   242    45    50     2     1
  678   160    45    48     4     2
  679   116    45    48     3     3
  680     7    45    47     7     1
  681    81    45    46     4     1
  682    69    45    50     6     2
  683   159    45    46     1     2
  684   213    45    50     6     1
  685   234    45    49     2     1
  686   110    45    46     6     1
  687   107    46    51     4     2
  688    78    46    51     4     1
  689     8    46    48     6     1
  690    57    46    47     6     1
  691   108    46    49     6     2
  692   162    46    50     2     1
  693   201    46    49     6     1
  694   123    46    50     3     2
  695   145    46    49     6     1
  696   232    46    49     3     2
  697   200    46    51     5     1
  698   115    46    47     6     1
  699   188    46    49     6     1
  700    87    46    50     4     2
  701    43    46    51     4     1
  702    13    46    50     2     1
  703    34    46    48     6     1
  704    25    46    47     2     1
  705   126    46    48     1     2
  706   164    46    49     4     2
  707   210    47    52     5     1
  708   186    47    48     3     1
  709    72    47    51     5     3
  710   218    47    52     1     2
  711   203    47    48     6     2
  712   111    47    50     1     2
  713   207    47    49     2     3
  714    29    47    49     5     2
  715   117    47    50     7     1
  716    99    47    48     6     2
  717   146    47    49     4     1
  718   221    47    49     3     3
  719   248    47    51     4     1
  720    44    47    48     5     3
  721   224    47    48     4     2
  722    84    48    52     1     1
  723    63    48    49     3     2
  724   225    48    52     7     1
  725    67    48    51     1     1
  726   213    48    51     7     2
  727   209    48    52     6     1
  728   178    48    49     2     1
  729    85    48    50     7     2
  730   176    49    54     1     2
  731    11    49    51     2     1
  732   181    49    53     4     2
  733   127    49    52     2     2
  734   198    49    50     2     1
  735   127    49    53     2     3
  736   192    49    50     4     1
  737   194    49    54     1     1
  738   111    49    50     4     2
  739   110    49    54     2     3
  740    50    49    54     2     2
  741   193    49    54     4     2
  742   191    49    51     1     2
  743   188    49    50     7     1
  744   105    49    53     4     1
  745    54    49    51     6     2
  746   161    49    51     3     2
  747   131    49    52     3     1
  748    49    49    51     4     1
  749   172    49    52     4     2
  750    67    49    50     3     2

TECHNICIANS = 125
    1     1   370     9  1 0 0 0 0 1 1
    2    99   431    10  0 0 1 0 0 1 0
    3     1   625     6  1 0 0 0 0 0 0
    4    71   450     7  0 0 0 1 1 0 0
    5   113   422     7  1 1 0 0 0 0 0
    6     1   275     5  0 0 0 0 1 1 0
    7   160   883     6  1 0 0 1 0 0 1
    8     1   239     7  0 0 0 0 0 1 0
    9    39   570     8  0 1 1 1 0 0 0
   10   146   735    10  0 0 0 0 0 1 0
   11   179   113     9  0 0 1 0 1 0 1
   12     1   893     7  0 0 0 1 1 0 0
   13   252   302     6  0 0 0 0 0 1 0
   14     1   450     6  0 0 1 0 0 1 0
   15   253   199     7  0 0 0 0 1 0 1
   16     1   779     6  1 0 1 0 0 0 0
   17     1   734     9  0 0 1 1 0 0 0
   18    83   761     7  0 1 0 1 0 1 0
   19   118  1000     8  0 0 0 1 0 1 0
   20   254   506     5  0 0 1 0 0 0 0
   21    68   201     9  0 0 0 0 0 0 1
   22   197   690     5  0 0 0 0 1 0 0
   23    75   172     6  0 0 1 1 0 0 0
   24   210   831    10  0 1 0 0 0 1 0
   25     1   952     9  0 0 0 0 1 1 0
   26     1   915    10  0 0 0 0 0 0 1
   27   210   425     9  0 1 0 0 0 0 0
   28   158   784     6  1 0 0 1 0 0 1
   29    97   625     7  0 0 1 1 0 1 0
   30   255   989     9  1 0 1 1 0 0 0
   31   256   194     7  0 0 1 0 0 1 0
   32   257   253     8  0 1 0 0 0 0 0
   33     1   130     9  0 0 1 0 1 0 0
   34   197   120     9  1 0 1 0 1 0 0
   35   101   597     7  0 1 1 0 0 0 0
   36    62   736    10  0 0 0 1 0 1 0
   37     1   194     8  1 0 1 0 1 0 0
   38    44   840     6  1 0 1 1 0 0 0
   39   182   736     9  1 0 0 0 0 0 0
   40   240   332    10  0 0 0 1 0 0 0
   41   115   956     7  1 0 0 0 1 0 0
   42     1   252     7  0 1 0 0 0 0 0
   43     1   118    10  1 0 0 0 0 0 0
   44     1   825    10  0 1 0 1 0 1 0
   45   258   502     6  1 0 0 1 0 0 1
   46    67   718     9  1 0 0 0 0 0 0
   47   242   253     7  0 0 1 0 0 0 0
   48   182   359     7  1 0 0 0 1 1 0
   49   259   309     6  1 0 0 1 0 0 0
   50    36   178     5  0 0 0 0 1 0 0
   51   260   846     7  1 0 0 0 0 1 0
   52     1   941     8  0 0 1 1 0 0 1
   53     1   684    10  1 0 0 1 0 0 0
   54    62   853     5  1 0 0 1 0 0 0
   55     4   776     6  0 0 0 1 0 0 0
   56   125   620     8  0 0 1 0 0 1 0
   57    27   446     6  0 0 1 1 0 1 0
   58   261   966     9  1 1 0 1 0 0 0
   59     2   343    10  0 0 0 1 0 0 0
   60   101   868     5  0 0 1 1 0 0 0
   61   234   641     5  1 0 0 0 0 0 0
   62    31   321     9  0 1 0 0 1 0 0
   63   247   244     9  0 1 0 0 1 0 0
   64     1   858     6  0 0 0 1 0 1 0
   65    27   634     7  1 0 1 0 0 1 0
   66   162   294     6  1 0 1 0 0 0 0
   67     1   303     5  1 0 1 0 0 1 0
   68   262   824     5  0 1 1 0 1 0 0
   69   151   470     7  1 0 1 1 0 0 0
   70    91   136    10  0 1 0 1 0 0 0
   71    66   280     7  0 1 0 1 0 0 1
   72   106   814     6  0 0 0 0 1 0 1
   73    19   225     9  1 0 0 1 0 1 0
   74   263   661     7  0 0 0 1 0 0 0
   75   190   707     6  0 1 0 0 0 1 1
   76   130   928     9  0 1 0 0 0 1 0
   77   138   519    10  1 0 0 0 0 1 0
   78     1   242    10  0 0 0 0 0 1 0
   79     1   976     7  0 0 1 0 0 1 0
   80    12   342    10  0 0 0 0 1 0 0
   81   178   758     7  0 1 1 0 0 0 0
   82   149   584    10  0 0 0 0 1 0 0
   83   264   654     5  0 0 0 0 0 1 0
   84     1   302     6  0 0 0 1 0 0 0
   85   159   390     6  1 0 1 0 0 0 0
   86   118   789     9  0 0 0 1 0 0 0
   87   265   175     7  0 1 1 0 0 0 0
   88   222   916    10  1 0 0 0 0 0 0
   89   217   754     7  1 0 0 0 1 0 0
   90    11   732     8  0 0 0 0 0 1 1
   91   266   136     5  0 0 0 1 1 0 0
   92   218   432     5  0 1 1 0 0 0 1
   93     1   909     7  0 0 1 1 0 1 0
   94    58   290     6  1 0 0 0 1 0 0
   95   101   135     9  0 0 0 1 0 0 1
   96   227   605     6  0 0 0 0 1 0 1
   97   155   324     5  1 0 1 0 0 1 0
   98   249   997     7  0 0 0 0 0 1 1
   99     1   890     6  0 0 0 0 0 1 0
  100   111   826     9  0 0 1 0 0 0 1
  101    48   516     7  1 1 0 1 0 0 0
  102   243   947     9  0 0 1 1 1 0 0
  103   267   809     8  0 0 1 0 1 0 1
  104     1   749    10  1 0 0 1 0 0 1
  105   128   832    10  1 1 0 0 0 0 0
  106   206   223     6  1 0 0 0 0 1 0
  107    94   326     9  1 0 0 1 0 0 1
  108   240   680     6  0 0 0 1 1 0 1
  109     1   965     5  0 1 1 0 0 0 0
  110   207   874     7  0 0 0 1 1 1 0
  111   268   554    10  1 0 0 1 0 0 0
  112    71   501    10  0 0 1 0 0 0 0
  113   188   534     6  1 0 0 0 1 0 0
  114   230   198     9  0 0 0 0 1 1 0
  115   154   919     6  0 0 1 0 0 1 1
  116    18   503     9  0 0 0 0 1 1 1
  117     5   987    10  0 0 0 1 0 0 1
  118   156   698     9  0 0 0 0 0 1 0
  119   122   972     6  1 0 1 0 0 0 0
  120     1   429     5  0 0 0 0 0 1 0
  121   199   257    10  0 0 0 1 0 1 0
  122   269   498     9  0 0 0 0 1 1 0
  123   248   356     5  0 0 1 0 0 1 1
  124   218   253    10  0 0 1 0 0 0 0
  125   270   117     8  0 0 1 0 0 0 0

