DATASET = ORTEC Hidden VeRoLog 2019
NAME = Instance 15

DAYS = 55
TRUCK_CAPACITY = 18
TRUCK_MAX_DISTANCE = 1350

TRUCK_DISTANCE_COST = 1000
TRUCK_DAY_COST = 100
TRUCK_COST = 10
TECHNICIAN_DISTANCE_COST = 10
TECHNICIAN_DAY_COST = 10
TECHNICIAN_COST = 100000

MACHINES = 7
    1     6   390
    2     5   855
    3     7    50
    4     6   630
    5     5   490
    6     6   910
    7     8   235

LOCATIONS = 173
    1   217   323
    2   322   424
    3   713   634
    4   308   310
    5   613   320
    6   242   346
    7   259   368
    8   295   237
    9   480   245
   10   309   463
   11   231   294
   12   267   549
   13   203   367
   14    49   215
   15   529    46
   16   263   312
   17   228   232
   18   242   474
   19   314   310
   20   269   305
   21   270   508
   22   274   315
   23   534   294
   24   608   557
   25   411   373
   26   308   562
   27   570   192
   28   258   352
   29   314   588
   30   191   383
   31    87   134
   32   456   253
   33   547   426
   34   494   333
   35   426   315
   36   205   389
   37   585   404
   38   348   232
   39   171   359
   40   238   241
   41   272   297
   42   676   599
   43   646   366
   44   560    28
   45   481   466
   46   624   419
   47   557   322
   48   687   678
   49   197   311
   50   570   462
   51   245   348
   52   194   391
   53   456   253
   54   568   379
   55   240   473
   56   413   256
   57   426   328
   58   261   481
   59   260   545
   60   384   436
   61   726   647
   62   554   400
   63   397   322
   64   283   440
   65   294   338
   66   285   553
   67   283   366
   68   359   418
   69   213   308
   70   513   360
   71   262   481
   72   359   361
   73   161   353
   74   243   471
   75   224   242
   76   323   467
   77   635   444
   78   533   534
   79   447   294
   80   521   352
   81   431   400
   82    40   199
   83   769   620
   84   435   194
   85   659   656
   86   282   246
   87   641   714
   88   266   306
   89   513   327
   90   464   449
   91   397   320
   92   516    39
   93   398   417
   94   215   424
   95   506    50
   96   289   549
   97   703   411
   98   533    34
   99   286   364
  100   220   344
  101   277   300
  102   606   436
  103   422   406
  104   383   348
  105   302   447
  106   301   433
  107   258   324
  108   304   473
  109   263   311
  110   728   750
  111   554   731
  112   304   490
  113   574   178
  114   634   446
  115   354   223
  116   561   342
  117   196   336
  118    37   184
  119   252   432
  120   517    34
  121   276   246
  122   227   337
  123   536   421
  124   332   433
  125    26   219
  126   317   465
  127   476   665
  128   239   340
  129   345   262
  130   495   589
  131   381   470
  132   368   395
  133   350   240
  134   399   271
  135   608   557
  136   485   498
  137   449   675
  138   417   218
  139   555   405
  140   294   236
  141   654   612
  142   299   423
  143   596   347
  144   532   711
  145   546   741
  146   407   304
  147   737   482
  148   149   288
  149   531    44
  150   324   533
  151   216   320
  152   466   437
  153   484   683
  154   171   369
  155   322   466
  156   527   347
  157   378   345
  158   125   205
  159   597   490
  160   535    62
  161   229   302
  162   204   382
  163   192   389
  164   272   300
  165   340   282
  166   310   465
  167   535   363
  168   477   354
  169   501   312
  170   698   390
  171   415   435
  172   364   386
  173   287   257

REQUESTS = 450
    1     7     1     3     7     1
    2     6     1     2     1     3
    3    89     1     3     3     1
    4   108     1     3     2     1
    5   109     1     3     6     1
    6    84     1     3     5     2
    7     7     1     2     6     1
    8    97     1     5     2     3
    9    28     1     5     7     2
   10     8     1     5     4     2
   11     4     2     6     6     1
   12   122     2     5     7     1
   13    74     2     3     1     1
   14    45     2     6     7     2
   15    69     2     6     3     1
   16    54     2     5     4     1
   17   145     2     6     6     2
   18    43     2     7     3     2
   19     3     2     4     3     2
   20    25     3     8     3     2
   21     3     3     5     6     3
   22    26     3     7     1     2
   23   105     3     8     5     1
   24    62     3     7     2     2
   25   112     3     4     6     1
   26    10     3     5     4     1
   27    92     3     6     6     1
   28    71     3     6     2     1
   29   112     4     5     1     2
   30    20     4     9     2     3
   31   150     4     7     2     1
   32    84     4     5     1     2
   33   133     4     7     3     2
   34    78     4     9     7     2
   35    67     4     7     2     3
   36   129     4     6     7     2
   37    64     4     7     7     1
   38   134     4     7     7     2
   39   121     4     8     5     1
   40   107     4     6     6     2
   41    67     4     5     1     2
   42    44     4     9     3     1
   43    52     5     9     2     1
   44   124     5     7     3     2
   45    53     5     6     5     3
   46    93     5     8     4     2
   47    13     5     8     6     2
   48    80     5     8     7     1
   49     9     5     9     6     3
   50   145     5    10     5     3
   51   149     5     7     3     1
   52   133     5     6     2     2
   53    76     5     9     4     3
   54    71     6     8     6     3
   55     8     6    10     1     3
   56    80     6    10     6     2
   57    99     6     7     4     2
   58    17     6    10     6     3
   59    61     6    10     1     1
   60    38     6    11     4     2
   61     3     6    10     1     2
   62    35     7     9     1     2
   63   127     7    10     3     1
   64    50     7    10     6     3
   65     5     7    12     1     3
   66    25     7    11     3     2
   67    54     7    12     3     2
   68   125     7     9     5     3
   69    46     7    12     7     2
   70    96     7    12     7     2
   71    53     7    12     6     1
   72   105     7     8     3     1
   73    73     7    12     7     2
   74    67     8    11     7     2
   75    62     8    11     4     3
   76    72     8    12     2     3
   77   137     8     9     7     2
   78    83     8    12     1     3
   79   124     8    10     6     2
   80    64     8     9     1     2
   81    23     8    10     1     3
   82    65     8    11     5     3
   83   105     9    11     3     2
   84    39     9    13     6     1
   85    63     9    11     2     1
   86   127     9    13     6     3
   87    87     9    11     7     2
   88   140     9    14     5     3
   89    86     9    12     3     2
   90   133     9    12     7     2
   91    84     9    11     5     2
   92    29    10    15     4     2
   93   134    10    13     2     2
   94    56    10    11     4     3
   95    13    10    11     6     3
   96    26    10    12     3     2
   97   111    10    11     5     3
   98    89    10    12     2     2
   99   113    10    14     2     3
  100     9    10    15     3     1
  101    24    10    14     1     3
  102    49    10    14     1     3
  103    55    10    14     4     1
  104   150    11    12     2     3
  105    95    11    13     5     1
  106    20    11    16     2     3
  107   114    11    14     1     3
  108   144    11    14     2     1
  109    25    11    13     7     1
  110   123    12    13     2     1
  111    16    12    14     3     1
  112    21    12    15     6     3
  113    39    12    17     1     2
  114   101    12    14     2     2
  115   104    12    14     1     3
  116    89    12    16     4     3
  117    46    12    14     3     2
  118    31    13    16     2     2
  119   106    13    15     7     2
  120    59    13    14     4     3
  121   142    13    18     6     1
  122    80    13    17     5     3
  123    39    13    14     7     1
  124   128    13    17     2     2
  125    27    13    15     5     2
  126   142    13    14     6     2
  127   129    13    18     7     2
  128    65    13    15     3     2
  129   132    13    14     6     3
  130   110    13    17     4     1
  131   123    13    15     7     2
  132    55    13    18     1     2
  133    53    14    17     3     2
  134   102    14    19     1     3
  135    63    14    18     1     3
  136    81    14    18     4     2
  137    63    14    19     6     3
  138   106    14    19     4     2
  139    78    14    17     6     3
  140    82    14    19     5     1
  141    48    14    18     5     1
  142    25    14    16     3     1
  143    42    14    15     6     1
  144   133    14    16     2     3
  145   104    15    17     1     3
  146   134    15    20     6     1
  147   115    15    17     6     2
  148    39    15    19     7     1
  149    73    15    18     4     2
  150   132    15    17     1     1
  151    81    15    19     2     2
  152     9    15    16     6     3
  153   144    15    20     4     2
  154    53    16    17     7     1
  155    45    16    20     2     3
  156    47    16    19     4     1
  157   136    16    21     7     2
  158   101    16    20     5     3
  159   127    16    18     3     2
  160    99    16    19     7     1
  161    71    16    19     5     2
  162    10    16    20     7     1
  163    41    16    18     3     2
  164   123    16    18     5     3
  165    37    17    21     7     1
  166    14    17    21     6     2
  167    35    17    21     1     2
  168   129    17    20     1     2
  169   103    17    22     3     1
  170    41    17    18     7     1
  171     8    17    22     5     1
  172    86    17    18     2     2
  173    17    17    21     3     1
  174    49    18    23     4     1
  175   146    18    20     3     1
  176   117    18    20     5     2
  177    62    18    19     6     1
  178   141    18    19     6     1
  179    30    18    21     1     1
  180    38    18    22     2     1
  181   100    18    20     1     1
  182    81    18    21     1     3
  183   118    18    23     2     1
  184    57    18    21     4     1
  185    34    19    23     3     2
  186    52    19    24     7     2
  187   105    19    21     7     1
  188    68    19    23     2     2
  189   143    19    24     5     2
  190    75    19    22     7     1
  191    52    19    23     5     2
  192    18    20    22     1     2
  193    30    20    23     3     1
  194    69    20    24     4     2
  195   133    20    21     7     1
  196   111    20    22     7     2
  197   116    20    22     1     1
  198    54    20    25     3     1
  199    79    20    25     5     1
  200   141    20    22     1     2
  201   100    21    26     7     2
  202    44    21    24     4     3
  203   114    21    25     5     1
  204   125    21    22     7     2
  205   117    21    23     2     3
  206    27    21    23     2     3
  207    66    21    23     6     2
  208    82    21    24     5     2
  209    54    21    23     5     1
  210   114    21    25     1     1
  211    92    22    27     4     1
  212   137    22    26     7     1
  213   121    22    25     1     2
  214    33    22    25     6     2
  215    97    22    27     3     1
  216    70    22    23     6     1
  217    29    22    27     3     1
  218   135    22    23     5     1
  219   110    22    26     6     2
  220   149    22    25     4     3
  221    91    22    25     5     1
  222   146    22    26     4     2
  223     3    22    27     4     1
  224   145    22    27     4     2
  225    45    23    28     4     1
  226   147    23    28     4     2
  227    44    23    28     1     2
  228    50    23    25     7     2
  229    47    23    26     5     1
  230   119    24    28     2     2
  231    48    24    26     3     1
  232    27    24    29     7     1
  233   126    24    25     3     2
  234   147    24    29     6     1
  235    83    24    27     7     1
  236   126    24    27     4     2
  237    48    24    27     4     2
  238    17    24    27     6     2
  239   139    24    27     5     1
  240   117    24    27     5     3
  241    95    24    29     4     2
  242    32    25    30     3     2
  243    49    25    28     2     1
  244   101    25    28     4     3
  245    13    25    30     6     1
  246    13    25    29     6     2
  247   146    25    29     5     2
  248   104    25    27     4     3
  249    29    25    28     5     3
  250   119    25    26     4     3
  251   148    26    27     5     3
  252    35    26    29     6     2
  253   150    26    28     4     1
  254    97    26    27     1     1
  255    28    26    30     4     2
  256    73    26    30     4     3
  257    68    27    32     5     3
  258    30    27    32     3     1
  259    87    27    32     3     1
  260    41    27    30     1     2
  261    70    27    32     7     2
  262    54    27    29     5     1
  263    78    27    29     3     1
  264   147    27    28     6     1
  265    76    28    31     3     1
  266     6    28    33     7     1
  267    16    28    29     7     2
  268    90    28    30     5     2
  269    73    28    33     2     3
  270    12    28    31     6     3
  271    88    28    32     1     3
  272    97    28    32     6     2
  273   133    28    33     4     2
  274    36    29    34     6     1
  275   105    29    32     4     2
  276    23    29    30     4     3
  277    60    29    34     2     2
  278   125    29    31     2     2
  279    70    29    32     6     3
  280    18    29    30     5     2
  281    56    29    32     6     3
  282   103    29    32     7     1
  283    48    29    33     3     2
  284    99    29    33     7     1
  285    53    30    35     6     3
  286    91    30    34     5     2
  287   123    30    33     2     1
  288    39    30    34     7     1
  289   124    31    36     7     1
  290    59    31    36     5     3
  291   101    31    34     1     2
  292    70    31    33     7     2
  293    85    31    35     3     2
  294    93    31    35     1     3
  295   103    31    35     7     1
  296   130    31    34     4     1
  297   147    31    32     2     2
  298   114    31    33     6     2
  299    57    32    33     3     1
  300   109    32    37     1     3
  301    64    32    34     5     2
  302    44    32    36     6     2
  303    19    32    34     1     1
  304   101    32    35     6     1
  305    16    32    35     4     2
  306    46    33    36     3     2
  307    28    33    35     4     1
  308    39    33    34     3     2
  309   142    33    36     1     1
  310    22    33    37     7     2
  311    45    33    38     5     1
  312   139    33    37     2     1
  313   120    33    34     6     1
  314    62    33    37     5     3
  315   148    33    37     5     2
  316   131    33    35     5     3
  317   137    34    38     7     1
  318     6    34    36     6     1
  319    52    34    37     3     2
  320    86    35    37     4     1
  321    17    35    36     4     3
  322    72    35    38     2     1
  323   130    35    40     4     2
  324    54    35    39     5     3
  325   146    35    37     7     1
  326   125    36    40     6     2
  327    66    36    37     3     1
  328   148    36    39     2     3
  329   106    36    41     3     1
  330    65    36    40     3     2
  331    98    36    37     3     1
  332    17    36    37     7     1
  333   119    36    40     4     1
  334     2    36    41     1     3
  335   107    36    38     1     3
  336   144    36    38     2     1
  337    77    36    37     7     1
  338   148    36    39     5     1
  339     6    36    41     6     3
  340    43    37    39     1     2
  341    39    37    40     6     2
  342   125    37    41     6     3
  343    78    37    39     2     1
  344    74    37    40     2     1
  345    49    37    39     2     3
  346   127    37    41     6     2
  347    16    37    42     1     1
  348    96    37    41     5     1
  349   120    37    42     3     1
  350    98    38    39     6     3
  351    59    38    41     2     2
  352    51    38    39     3     2
  353   126    38    40     1     3
  354   126    38    39     6     2
  355     6    38    41     4     2
  356   134    38    40     2     3
  357   123    39    43     7     2
  358    59    39    40     3     2
  359     4    39    40     7     2
  360   149    39    40     3     2
  361    95    39    44     3     2
  362   105    39    42     4     2
  363   138    39    41     4     2
  364    97    39    42     2     1
  365   108    40    43     6     1
  366   135    40    43     3     2
  367    27    40    45     7     1
  368    34    40    44     7     2
  369   103    40    45     7     1
  370   117    40    42     1     3
  371    57    40    42     5     3
  372    19    40    41     3     1
  373   104    40    43     3     1
  374    97    40    42     3     1
  375   144    41    46     7     2
  376    43    41    46     1     2
  377     7    41    44     6     3
  378   107    41    42     6     3
  379    45    41    45     5     3
  380    77    41    46     4     3
  381    69    42    44     1     3
  382   127    42    43     3     2
  383   122    42    47     5     3
  384   118    42    46     3     2
  385    23    42    45     3     2
  386   108    42    43     7     2
  387    65    42    44     5     3
  388    91    42    44     4     3
  389   136    43    46     5     2
  390    10    43    44     5     1
  391    54    43    48     2     3
  392    67    43    45     4     1
  393    91    43    45     1     3
  394    19    43    44     6     2
  395    56    43    45     6     3
  396   134    43    46     5     3
  397    97    43    48     4     3
  398    24    43    48     2     3
  399    29    43    45     6     1
  400    60    43    47     2     1
  401   143    44    45     7     2
  402    26    44    47     2     3
  403    22    44    45     4     1
  404    57    44    45     4     2
  405    29    44    47     3     2
  406    64    44    45     7     1
  407    66    44    48     6     2
  408    54    44    48     5     3
  409    66    45    50     1     3
  410   128    45    47     6     2
  411    56    45    46     3     1
  412    42    45    49     7     1
  413    11    45    49     5     2
  414    99    45    48     2     1
  415    33    45    46     3     2
  416   119    45    46     4     1
  417   139    45    48     3     2
  418    85    45    48     6     3
  419    92    46    50     3     2
  420   127    46    50     6     1
  421    77    46    49     1     2
  422    43    46    49     3     1
  423    53    46    50     7     1
  424   139    46    48     3     1
  425   145    47    49     3     1
  426   151    47    49     5     3
  427    35    47    48     4     3
  428   127    47    48     7     2
  429    44    47    49     3     2
  430    30    47    48     5     2
  431   133    47    49     1     3
  432    38    47    52     4     1
  433   143    47    50     2     1
  434    48    47    50     6     1
  435    69    47    48     7     2
  436    22    47    52     1     3
  437    19    47    48     2     2
  438    15    48    51     1     2
  439   138    48    51     3     1
  440   115    48    49     2     2
  441   108    48    50     5     3
  442    90    48    50     1     2
  443    70    48    52     6     3
  444    47    48    53     3     1
  445    68    48    51     1     2
  446    52    49    53     6     3
  447   148    49    53     4     2
  448   147    49    53     1     1
  449    62    49    54     1     1
  450    58    49    51     1     1

TECHNICIANS = 125
    1    95   310     7  0 1 0 0 0 0 0
    2   144   930     8  0 0 1 0 0 0 0
    3    85   975     5  1 0 0 1 1 0 0
    4   152   920     9  1 0 0 0 0 1 0
    5   130   810     9  1 0 0 0 0 0 0
    6   135   135     8  0 1 0 0 0 1 1
    7     1   750     9  0 0 0 1 0 1 0
    8    13   480    10  0 1 0 0 1 1 0
    9   153   170     7  1 0 0 0 0 1 1
   10    73   310     5  0 0 0 0 0 0 1
   11   154   965     9  0 0 0 0 0 1 0
   12   124   680     6  0 1 1 0 0 0 1
   13     5   700     7  0 0 1 0 0 1 0
   14   118   635     9  0 0 0 0 1 0 1
   15     1   760    10  0 1 0 0 0 0 0
   16   155   830    10  0 1 0 0 0 0 0
   17   156   605     5  1 0 0 0 0 1 0
   18    13   320     9  0 1 0 0 0 0 0
   19     1   870     8  0 1 0 0 0 0 1
   20    95   800     7  1 0 0 0 0 1 0
   21    91   345     6  0 0 1 0 1 1 0
   22     1   475     6  1 0 0 0 1 0 0
   23    47   260    10  0 0 1 0 1 0 1
   24    21   275     6  1 0 0 0 0 1 0
   25    97   380     7  0 0 0 0 0 0 1
   26   103   435     9  0 0 0 1 0 0 1
   27    12   385    10  0 1 0 1 1 0 0
   28     1    50    10  1 0 0 1 0 0 0
   29   157   320     9  0 0 0 0 1 0 0
   30    94   755    10  1 1 0 0 1 0 0
   31     1   420     9  1 0 0 0 0 1 1
   32    73   420     5  0 1 1 0 0 0 0
   33   158   410     7  1 0 1 0 0 0 1
   34   159   855    10  0 1 0 0 0 0 0
   35     1   390     6  0 0 0 1 0 0 0
   36    78   100     5  1 0 0 1 0 0 0
   37    48   290     9  1 0 0 0 1 0 0
   38     1   915     8  0 0 0 0 0 0 1
   39     1   635     7  0 0 0 0 1 0 0
   40    33   760     5  0 1 0 0 1 0 0
   41   160   940     5  0 0 0 0 0 0 1
   42    33   970     7  0 1 0 0 0 0 0
   43   115   115    10  1 0 0 0 0 0 0
   44    49   535    10  0 0 1 0 0 0 0
   45   127   210     5  0 1 0 0 0 1 1
   46    97   660     6  0 0 1 0 1 0 0
   47   149    70     7  0 1 1 1 0 0 0
   48    64   760     6  1 0 0 0 0 1 0
   49    36   105    10  0 1 0 0 0 0 0
   50   161   390     6  0 0 0 0 1 0 0
   51   137   580    10  0 0 0 0 0 1 0
   52    67   275     8  0 1 0 1 1 0 0
   53     1   530    10  0 0 1 1 0 0 1
   54     1   165    10  1 0 0 0 0 0 1
   55    41   925     6  0 0 0 0 1 0 0
   56   150   525     9  0 1 1 1 0 0 0
   57     1   825     8  0 1 0 0 1 0 0
   58     1   125     6  1 0 1 0 0 1 0
   59    70   345     9  0 1 0 0 1 0 0
   60    21   315     9  0 0 1 0 1 0 1
   61    61   525     7  1 0 0 0 1 1 0
   62   149   615     7  0 0 0 0 0 0 1
   63   127   545     8  0 0 0 1 0 0 0
   64    24   955     5  0 0 0 0 0 1 0
   65   141   595    10  1 0 1 0 0 0 0
   66   162   835     7  0 0 0 0 0 0 1
   67   163   290     9  0 0 0 1 0 0 0
   68   164   370     6  1 0 0 0 0 0 1
   69     6   405     7  0 0 1 0 1 0 0
   70     1   605    10  0 0 0 1 0 1 1
   71   131   715     9  1 0 0 1 1 0 0
   72    97   275     6  0 0 1 0 1 0 0
   73   133   875    10  0 1 0 0 0 1 1
   74    85   455     6  1 0 0 0 1 1 0
   75    39   210     6  0 0 0 1 0 0 0
   76    97   360     7  1 1 0 0 0 1 0
   77   165   115     6  0 0 1 0 0 0 1
   78   115   465    10  0 1 1 1 0 0 0
   79    74   365     8  0 0 0 1 0 0 0
   80    42   205     8  0 1 0 0 1 0 0
   81     1   140     6  0 0 0 1 0 0 0
   82   138   710     9  0 0 1 1 0 1 0
   83   126   475     5  0 0 0 1 1 0 1
   84   166   830     9  0 0 0 1 0 0 1
   85   167   295     5  0 0 0 1 0 0 1
   86   137   650    10  0 0 0 0 0 0 1
   87    70   910     5  1 0 1 0 0 0 1
   88    18   290     6  0 1 0 0 1 0 0
   89    39   310    10  0 0 0 0 0 1 0
   90    97   130     8  0 0 1 0 1 0 0
   91   168   650     7  0 0 1 0 0 0 0
   92   115   300     6  0 0 0 1 1 0 0
   93    20   155     9  0 1 0 0 0 0 0
   94   142   480     8  1 0 1 0 0 0 1
   95   169   565     9  0 0 0 0 0 1 0
   96   170   610    10  0 1 0 0 0 1 1
   97     1   615     9  0 0 0 0 1 1 0
   98    48   400     7  1 1 1 0 0 0 0
   99   123   800     5  1 0 0 0 1 0 0
  100    36   250     6  0 0 1 0 0 0 1
  101    50   700     6  0 0 0 0 1 0 0
  102   117   625     7  0 0 0 0 1 1 1
  103    35   180     7  0 0 0 0 0 0 1
  104    12   345     8  0 1 0 0 0 0 0
  105    71   580     8  1 0 0 0 1 0 0
  106   101   870     6  1 1 0 0 0 0 1
  107    98   725     7  0 0 0 1 1 1 0
  108    12   650     5  0 0 1 0 0 0 0
  109   141   615    10  1 0 0 1 1 0 0
  110   171   850     6  0 0 1 0 0 0 0
  111   103   560     5  0 0 0 0 1 0 0
  112   139   125     9  0 1 0 1 1 0 0
  113     1   965    10  0 0 1 0 1 0 0
  114   121   615     8  0 0 0 0 0 1 1
  115    25   755     5  0 0 0 1 0 0 0
  116     1   865     5  0 1 0 0 0 1 1
  117   172   495     9  0 1 0 0 0 0 0
  118   125   620     5  0 1 0 1 0 0 1
  119   148   940     7  1 0 1 0 0 0 1
  120   106   435     5  0 0 0 1 1 0 0
  121   118   855     5  0 1 0 0 1 0 1
  122   149   100     7  0 0 0 0 1 0 1
  123   173   885    10  0 0 0 1 0 1 0
  124    97   245    10  0 0 0 0 1 0 0
  125    50   385     9  1 1 1 0 0 0 0

