DATASET = ORTEC Small VeRoLog 2019
NAME = Instance 4

DAYS = 7
TRUCK_CAPACITY = 18
TRUCK_MAX_DISTANCE = 2000

TRUCK_DISTANCE_COST = 10000
TRUCK_DAY_COST = 10
TRUCK_COST = 1000
TECHNICIAN_DISTANCE_COST = 10000
TECHNICIAN_DAY_COST = 10000
TECHNICIAN_COST = 10000

MACHINES = 6
    1     7   104
    2     8   877
    3     6   989
    4     4   561
    5     3   400
    6     6   603

LOCATIONS = 9
    1   330   515
    2   347   450
    3   229   337
    4   301   544
    5   333   466
    6   375   371
    7   315   463
    8   300   428
    9   427   331

REQUESTS = 12
    1     6     1     2     2     2
    2     4     1     2     5     1
    3     5     1     3     1     2
    4     4     1     2     5     2
    5     6     2     3     6     2
    6     7     3     5     2     2
    7     6     3     4     6     1
    8     6     3     5     2     2
    9     5     3     5     1     1
   10     5     3     4     3     1
   11     4     3     4     2     2
   12     7     4     6     6     2

TECHNICIANS = 20
    1     8   521     5  1 1 0 0 1 0
    2     3   904    10  0 0 1 1 0 0
    3     2   659     6  1 0 0 0 0 0
    4     3   665     7  0 0 0 0 1 0
    5     6   280    10  0 0 0 1 1 0
    6     5   806     5  0 0 0 1 1 1
    7     4   975     9  0 0 1 0 0 0
    8     4   264     7  1 0 1 0 0 0
    9     4   658     7  1 1 0 0 0 1
   10     6   661     9  0 1 0 1 1 0
   11     4   702     5  0 0 0 1 1 1
   12     1   318     6  0 1 0 1 1 0
   13     6   544     6  0 1 0 0 0 0
   14     4   365    10  0 0 0 0 0 1
   15     3   504     6  1 1 0 1 0 0
   16     5   422    10  0 1 0 0 1 1
   17     1   843    10  0 0 1 1 1 0
   18     9   414    10  0 0 1 1 1 0
   19     3   980     9  0 0 1 0 0 0
   20     3   607    10  0 0 0 0 0 1

