DATASET = ORTEC Hidden VeRoLog 2019
NAME = Instance 2

DAYS = 25
TRUCK_CAPACITY = 18
TRUCK_MAX_DISTANCE = 1350

TRUCK_DISTANCE_COST = 10
TRUCK_DAY_COST = 100000
TRUCK_COST = 1000
TECHNICIAN_DISTANCE_COST = 100000
TECHNICIAN_DAY_COST = 1000
TECHNICIAN_COST = 100

MACHINES = 4
    1     8   815
    2     4   945
    3     5   695
    4     3    35

LOCATIONS = 112
    1   273   306
    2   602   353
    3   676   532
    4   320   270
    5   353   253
    6   198   378
    7   493   151
    8   418   279
    9   319   450
   10   352   507
   11   370   448
   12   368   391
   13   499   715
   14   305   492
   15   729   685
   16   316   464
   17   401   423
   18   335   450
   19   340   282
   20   354   576
   21   392   386
   22   604   355
   23   416   402
   24   311   456
   25   718   641
   26   193   387
   27   260   403
   28   334   449
   29   435   363
   30   379   400
   31   316   473
   32   534   291
   33   522   360
   34   296   495
   35   276   450
   36   502   692
   37   466   416
   38   231   324
   39   320   467
   40   489   610
   41   674   616
   42   346   365
   43   468   453
   44   183   310
   45   423   331
   46   545   425
   47   246   339
   48   547   638
   49   536   644
   50   229   226
   51   239   340
   52   227   351
   53   620   345
   54   297   464
   55   536   363
   56   427   331
   57   265   456
   58   247   336
   59   473   205
   60   772   619
   61   517   340
   62   477   669
   63   569   480
   64   548   713
   65    26   219
   66   312   492
   67   299   502
   68   305   560
   69   566   213
   70   224   342
   71   457   369
   72   358   570
   73   752   706
   74   377   432
   75   519    64
   76   216   343
   77   372   359
   78   395   448
   79   466   197
   80   266   210
   81   709   439
   82   501    76
   83   583   353
   84   277   489
   85   368   451
   86   207   365
   87   577   384
   88   547   121
   89   594   404
   90   671   711
   91   499   319
   92   310   452
   93   468   198
   94   304   470
   95   212   323
   96   547    29
   97   251   374
   98   208   363
   99   264   308
  100   530   523
  101   376   409
  102   314   319
  103   541   759
  104   573   593
  105   330   515
  106   258   324
  107   307   313
  108   236   414
  109   239   411
  110   754   600
  111   502   357
  112   163   364

REQUESTS = 300
    1    48     1     4     3     2
    2    89     1     2     3     3
    3    59     1     5     2     3
    4     3     1     3     3     1
    5     3     1     2     2     3
    6    92     1     6     4     2
    7     2     1     6     1     2
    8     7     1     5     2     1
    9     5     1     6     3     3
   10    83     1     2     4     2
   11    47     1     2     1     1
   12    41     1     2     4     2
   13     2     1     5     4     2
   14    38     1     4     2     2
   15    18     1     2     1     1
   16    33     2     5     3     1
   17    30     2     3     1     2
   18     9     2     6     1     2
   19    81     2     3     4     1
   20    76     2     5     2     3
   21    54     2     6     3     2
   22    61     2     3     4     1
   23    45     2     7     1     1
   24    96     2     4     4     2
   25    77     2     3     1     1
   26    51     2     7     1     2
   27    29     2     3     1     2
   28    48     2     5     1     1
   29    62     2     6     1     2
   30    28     2     4     2     2
   31    69     2     6     4     3
   32    80     2     3     3     1
   33    88     2     3     2     3
   34    78     2     4     2     2
   35    57     2     6     2     1
   36    95     2     6     4     2
   37    99     2     5     2     2
   38    43     2     7     2     3
   39    23     3     7     3     1
   40    31     3     7     4     1
   41    25     3     6     2     3
   42    36     3     8     2     1
   43    88     3     8     2     3
   44    74     3     4     2     2
   45    55     3     5     2     1
   46    90     3     7     4     2
   47    94     3     7     2     2
   48    72     3     4     4     1
   49    74     3     8     1     1
   50    36     3     6     3     3
   51    39     4     6     3     3
   52     6     4     8     2     1
   53    49     4     6     4     3
   54    95     4     9     3     3
   55    75     4     9     3     1
   56    34     4     5     1     2
   57    56     4     7     1     1
   58    77     4     7     2     1
   59    87     4     9     3     3
   60    55     4     8     1     2
   61     6     4     8     1     2
   62    87     4     8     1     1
   63    48     4     5     3     2
   64    83     4     5     3     2
   65    42     4     8     4     2
   66    56     4     5     3     1
   67    21     5     6     2     3
   68    90     5     9     2     2
   69    79     5     9     3     3
   70    63     5     7     4     2
   71    64     5     6     1     1
   72     5     5     7     1     2
   73     4     5     7     2     1
   74    93     5     7     3     3
   75    85     5    10     3     1
   76    35     5     8     3     3
   77    75     5     9     4     1
   78    91     5     7     1     2
   79    70     5    10     3     2
   80    22     5    10     2     3
   81    52     5     7     2     2
   82    68     5    10     2     3
   83    64     5    10     1     2
   84    59     5     7     1     1
   85    28     5     7     1     2
   86    17     5     8     1     1
   87    11     5     6     4     3
   88    39     5    10     3     2
   89    43     5     6     3     2
   90    77     6     7     4     1
   91    66     6     9     2     3
   92    14     6    10     4     1
   93    35     6     9     3     1
   94    54     6     9     3     1
   95    29     6     7     2     3
   96    58     6    10     4     3
   97    61     6     8     1     1
   98    27     6    11     4     2
   99    77     6     8     1     2
  100    16     6     9     1     2
  101    81     6     7     4     3
  102    53     6     9     1     1
  103    33     6    10     2     3
  104    86     6     9     2     3
  105    66     6     8     4     1
  106    75     6    11     1     2
  107     7     7    11     4     1
  108    80     7    12     1     2
  109     3     7    12     3     2
  110    43     7     9     4     3
  111    99     7    10     2     2
  112    48     7    11     4     3
  113    85     7     9     4     2
  114    25     7     9     2     2
  115    57     7     8     4     1
  116    42     7     9     4     3
  117    39     7    11     3     1
  118    57     7    11     3     1
  119    94     7    11     4     2
  120    76     7    10     1     1
  121    18     7     8     4     3
  122    32     7     8     4     2
  123    17     7    12     3     3
  124     9     7     9     2     3
  125    25     7    12     1     2
  126    25     7    10     2     1
  127    56     8    10     3     2
  128    65     8    10     2     2
  129    79     8     9     4     3
  130    44     8    10     3     1
  131    83     8     9     2     1
  132    94     8    11     2     2
  133    85     8    12     3     3
  134    74     8    11     2     2
  135    29     8    11     4     3
  136    92     8    10     1     2
  137    16     8    13     2     3
  138    24     8     9     2     2
  139     4     8    13     2     2
  140    54     8    13     4     2
  141     4     8    11     4     3
  142    30     9    12     2     1
  143    32     9    14     2     1
  144    16     9    10     3     3
  145    54     9    12     4     1
  146    33     9    10     1     1
  147    90     9    12     4     3
  148    58     9    12     1     2
  149    13     9    11     1     1
  150    26     9    13     1     1
  151    54     9    14     1     1
  152    72     9    10     1     1
  153    70     9    14     2     2
  154    14     9    11     1     2
  155    60     9    14     4     2
  156    60     9    11     2     1
  157    75     9    10     1     1
  158    50     9    10     2     2
  159    98    10    15     1     2
  160    53    10    13     3     1
  161    50    10    11     2     1
  162    26    10    11     3     3
  163    58    10    13     2     2
  164     5    10    11     1     2
  165    61    10    11     1     1
  166    32    10    14     1     1
  167    35    10    13     1     1
  168    65    10    14     4     3
  169    73    10    13     4     3
  170    95    10    11     4     3
  171    31    11    13     2     1
  172    72    11    16     2     3
  173    34    11    12     2     2
  174    13    11    14     3     1
  175     2    11    13     4     1
  176    82    11    16     4     1
  177    56    11    15     1     2
  178    46    11    15     2     2
  179    30    11    14     2     2
  180    92    11    14     4     2
  181    42    12    14     3     2
  182     7    12    15     2     3
  183    99    12    14     4     3
  184    61    12    16     3     1
  185    93    12    15     1     2
  186    31    12    17     1     2
  187    33    12    17     3     1
  188    23    12    13     2     3
  189    68    12    15     3     3
  190    38    12    14     2     2
  191    96    12    14     4     3
  192    66    12    14     2     3
  193    35    13    14     4     2
  194    64    13    16     4     2
  195    69    13    15     2     3
  196    43    13    16     3     2
  197    34    13    15     1     1
  198    23    13    14     1     2
  199    29    13    14     1     2
  200    70    13    15     2     2
  201    42    13    16     4     1
  202    96    13    14     2     1
  203    19    13    15     4     1
  204    45    13    17     1     1
  205    13    13    18     4     3
  206    68    13    15     2     3
  207    74    14    17     4     3
  208    64    14    18     2     1
  209    72    14    15     3     1
  210    66    14    15     1     2
  211    41    14    19     4     2
  212     3    14    19     3     3
  213    90    14    15     1     1
  214    11    14    16     1     2
  215    56    14    15     2     1
  216    58    14    17     3     1
  217    91    14    18     1     2
  218    41    14    18     3     3
  219    18    14    16     4     2
  220    15    14    16     4     2
  221    25    14    18     2     3
  222     4    14    15     4     2
  223    19    15    19     4     2
  224    57    15    18     1     1
  225    74    15    19     3     3
  226    72    15    17     1     2
  227    39    15    17     3     1
  228     5    15    18     2     2
  229    29    15    17     2     2
  230    69    15    18     3     3
  231   101    15    18     3     2
  232    98    15    17     2     3
  233     3    15    16     2     3
  234    67    15    18     3     1
  235    42    15    16     1     2
  236    40    15    17     2     1
  237    84    15    17     2     1
  238    86    16    19     4     1
  239    28    16    18     1     1
  240    32    16    21     2     3
  241    21    16    17     1     2
  242    14    16    21     1     1
  243    34    16    18     2     2
  244    22    16    21     1     2
  245    57    16    18     3     3
  246    30    16    20     3     2
  247    83    16    21     4     2
  248    96    16    19     3     3
  249    49    16    20     1     1
  250    81    16    17     3     3
  251    14    16    18     3     3
  252    67    16    19     1     1
  253    68    16    21     2     2
  254    86    16    21     4     2
  255    15    16    21     3     3
  256    35    16    19     1     1
  257    34    17    22     2     1
  258    58    17    19     4     1
  259     7    17    19     1     2
  260    15    17    22     1     2
  261    15    17    18     2     3
  262    57    17    22     1     1
  263    11    17    19     1     1
  264    20    17    18     3     1
  265    30    17    20     3     3
  266    95    17    19     4     3
  267    44    17    18     2     2
  268    28    17    19     4     2
  269    27    17    21     3     2
  270    44    17    22     3     1
  271    83    17    21     4     1
  272     8    17    20     2     2
  273    64    17    19     2     2
  274    49    18    22     4     3
  275    10    18    22     3     1
  276    91    18    19     4     1
  277    98    18    21     3     3
  278    29    18    19     2     1
  279    44    18    21     3     1
  280    96    18    19     1     2
  281    33    18    20     2     3
  282    16    18    21     1     1
  283    71    18    21     3     3
  284    11    18    23     2     1
  285    80    18    21     2     3
  286    14    18    20     4     3
  287     7    18    22     2     3
  288    43    18    21     1     2
  289    67    19    20     3     1
  290    99    19    22     1     1
  291    82    19    24     4     2
  292    39    19    24     1     1
  293    27    19    22     4     2
  294    55    19    21     4     3
  295    79    19    24     1     2
  296    31    19    22     3     2
  297    31    19    24     1     1
  298     5    19    22     2     2
  299    44    19    23     3     1
  300    14    19    23     4     3

TECHNICIANS = 50
    1    17   925     6  1 0 1 0
    2    95   525     7  1 1 0 1
    3    77   405     8  1 1 0 1
    4    47   100     8  1 1 0 1
    5     3   525    10  1 0 0 1
    6    57   860     8  0 1 1 1
    7   102   920     7  0 1 1 0
    8   103   715     8  0 0 0 1
    9    30   310     8  0 0 1 0
   10    10   730     6  0 0 0 1
   11    54   915     7  0 1 0 1
   12    31   570     8  1 1 0 1
   13    75   610     6  1 1 0 1
   14    31   150     8  0 1 0 0
   15   104   145     9  1 0 0 0
   16    78   195     6  1 1 1 0
   17     1   315     6  1 0 0 0
   18   105   890     7  1 1 1 0
   19    71   690     6  0 1 0 0
   20     5   610    10  1 1 1 0
   21    51   665     9  0 0 1 1
   22   106   905    10  0 1 1 1
   23    63   110     6  1 1 0 0
   24    51   755     5  1 1 0 1
   25   107   735     5  1 0 0 1
   26    29   415    10  0 1 0 1
   27    54   550     7  1 0 0 1
   28     9   495     9  0 0 1 1
   29    90   275     8  0 1 1 1
   30   108   810     5  0 0 1 0
   31     4   625     9  1 1 0 0
   32    62   200     5  0 1 1 0
   33    45   935     5  0 0 1 0
   34    59   955     6  0 1 1 0
   35   109   820     7  0 1 0 0
   36     1   750     5  1 0 0 1
   37    40   355     5  1 0 0 0
   38    67   600     8  0 1 1 0
   39     1   680     7  1 0 0 1
   40     1   935     5  0 1 1 1
   41   110   220     5  1 0 0 1
   42   111   225     5  0 1 1 0
   43     9   920     7  0 1 0 1
   44    32   575     5  0 1 1 0
   45    89   760    10  1 1 0 0
   46    17   905     9  0 1 1 1
   47     6   995     7  0 0 0 1
   48    25   550     7  0 0 1 0
   49   112   165     5  0 0 1 1
   50    75   815     9  1 1 0 0

