DATASET = ORTEC Early VeRoLog 2019
NAME = Instance 13

DAYS = 35
TRUCK_CAPACITY = 18
TRUCK_MAX_DISTANCE = 1235

TRUCK_DISTANCE_COST = 10000
TRUCK_DAY_COST = 1000
TRUCK_COST = 10
TECHNICIAN_DISTANCE_COST = 1000
TECHNICIAN_DAY_COST = 100000
TECHNICIAN_COST = 1000

MACHINES = 5
    1     3   560
    2     4    40
    3     8   115
    4     8   400
    5     3   800

LOCATIONS = 61
    1   177   345
    2   212   311
    3   654   396
    4   375   441
    5   231   410
    6   456   495
    7   216   425
    8   445   297
    9   422   674
   10   478   355
   11   664   706
   12   189   310
   13   746   428
   14   483   515
   15   451   282
   16   639   702
   17   287   311
   18   586   334
   19   472   301
   20   285   473
   21   427   411
   22   549   123
   23   259   474
   24   565   203
   25   244   349
   26   263   201
   27   263   468
   28   552    28
   29   504   681
   30   379   369
   31   727   623
   32   312   342
   33   557   464
   34   543   423
   35   264   482
   36   514   317
   37   225   357
   38   437   197
   39   261   372
   40   619   645
   41   542   327
   42   182   367
   43   680   523
   44   311   474
   45   350   388
   46   487   346
   47   696   530
   48   311   465
   49   270   358
   50   271   450
   51   406   283
   52   657   754
   53   195   196
   54   174   360
   55   478   667
   56   232   408
   57   234   327
   58   666   725
   59   523   637
   60   433   421
   61   577   739

REQUESTS = 150
    1    14     1     3     5     1
    2    34     1     3     4     1
    3    19     1     2     4     2
    4    38     1     3     5     3
    5    11     2     4     2     3
    6    23     2     7     3     1
    7     3     2     6     4     2
    8    31     2     7     4     2
    9    33     3     6     5     2
   10    19     4     5     2     3
   11    31     4     7     3     2
   12     4     4     9     2     1
   13    34     4     9     1     3
   14    42     4     7     4     2
   15    33     4     5     3     1
   16     2     5     8     4     1
   17    14     5    10     4     2
   18     3     5     7     5     1
   19    25     5     6     1     2
   20     9     5     6     4     2
   21    19     5     9     5     3
   22    42     5    10     3     1
   23    13     5     6     2     1
   24    40     6    11     5     3
   25    28     6     7     4     1
   26     8     6     9     4     1
   27    11     7    12     1     3
   28    34     7    11     3     1
   29    42     7    10     2     1
   30    43     7    10     3     2
   31    47     7    12     3     1
   32    42     8    12     1     2
   33     9     8     9     2     3
   34    32     8    12     3     2
   35    51     8    10     4     1
   36    44     8     9     2     1
   37    49     8     9     5     3
   38    38     8     9     3     1
   39    47     8    11     4     2
   40    35     8    11     1     1
   41     2     9    11     2     3
   42    50     9    10     4     1
   43    40     9    12     2     1
   44    30     9    13     1     3
   45    22     9    12     1     3
   46    27     9    10     5     2
   47    25     9    12     4     1
   48    25     9    10     3     1
   49     5     9    11     1     2
   50    22    10    13     5     3
   51     8    10    11     4     2
   52    14    10    11     1     1
   53    27    10    13     4     1
   54    18    11    14     4     2
   55    44    11    15     4     1
   56    15    12    15     4     1
   57    26    12    13     1     1
   58    49    12    15     1     3
   59    21    12    17     1     3
   60    35    12    17     2     3
   61    24    12    16     2     2
   62    39    12    16     1     2
   63    13    13    18     2     2
   64     9    13    14     4     1
   65    23    13    17     2     3
   66    17    13    15     5     3
   67    21    13    16     2     2
   68     9    14    16     4     2
   69    47    14    17     1     3
   70    31    14    19     1     1
   71     3    15    19     4     1
   72    33    15    18     2     1
   73    48    15    19     2     2
   74    48    15    16     4     1
   75    12    16    17     3     1
   76    25    16    17     1     3
   77    42    16    18     1     3
   78     9    16    18     3     2
   79    12    16    18     4     2
   80    25    16    21     4     1
   81    36    16    19     2     3
   82    11    16    18     1     2
   83     7    16    18     5     2
   84    40    16    20     3     1
   85    41    16    19     1     2
   86    28    17    19     2     2
   87    18    17    21     4     1
   88    10    17    19     1     1
   89    33    17    22     4     2
   90    24    17    22     2     3
   91    30    18    23     2     1
   92     6    18    23     1     3
   93     3    18    22     4     1
   94     4    18    21     5     3
   95    43    18    21     5     1
   96    12    19    24     2     1
   97    15    19    21     4     1
   98    40    19    22     3     2
   99    31    19    23     4     1
  100    29    19    21     1     2
  101    12    19    20     2     1
  102     7    19    23     5     2
  103    23    20    23     3     2
  104    41    20    21     1     3
  105    46    20    24     5     3
  106     2    20    21     3     1
  107    35    21    23     5     2
  108    27    21    25     5     3
  109    36    22    24     4     1
  110    22    22    26     5     3
  111    28    22    27     4     2
  112    48    22    23     3     1
  113     9    22    27     2     2
  114    41    22    23     5     3
  115    36    23    28     1     2
  116    20    23    28     3     2
  117    46    23    28     5     1
  118    14    23    24     5     3
  119     5    23    28     4     2
  120    40    24    29     3     1
  121    35    24    27     2     1
  122    15    24    26     3     1
  123     3    24    28     5     3
  124    31    24    28     1     1
  125    46    24    26     4     2
  126    24    25    29     4     2
  127    11    25    26     2     1
  128    26    25    28     5     1
  129    49    25    28     1     3
  130    43    25    27     1     3
  131    10    25    28     2     2
  132    43    26    27     1     3
  133    45    26    29     2     1
  134    20    26    27     4     2
  135    35    26    27     5     3
  136    25    26    29     1     2
  137    24    26    28     4     1
  138     8    26    31     5     2
  139    18    26    31     1     2
  140    29    26    28     2     1
  141    31    27    31     1     2
  142    40    27    32     5     3
  143     5    27    32     4     1
  144    39    27    31     2     2
  145     5    27    29     5     1
  146    28    28    32     3     1
  147    47    28    31     2     3
  148    37    29    34     1     1
  149     3    29    34     1     3
  150     2    29    30     5     1

TECHNICIANS = 75
    1    41   940     8  1 0 0 1 1
    2    49   610     8  1 0 1 0 1
    3     1   880     5  1 1 0 1 0
    4    13   230     8  0 0 0 0 1
    5    52   100     7  1 1 1 0 0
    6    53   505     9  1 1 1 0 0
    7     1   315     5  1 0 0 1 0
    8    36   755     9  1 0 0 1 0
    9     1   780     9  0 1 1 0 0
   10     1   460     6  0 0 1 0 0
   11     1   425     5  1 1 0 0 0
   12    43   680     6  1 1 1 0 0
   13     1   725     5  0 1 0 0 0
   14    46   255     5  1 0 0 0 0
   15    43   985     8  0 1 0 0 0
   16    13   890     7  1 1 0 1 0
   17     1   240     8  1 0 0 0 0
   18     1   600     6  0 0 1 0 0
   19    54   365     6  0 0 1 0 1
   20    43   275     8  0 0 0 1 1
   21     1   880    10  0 1 1 1 0
   22    32   350     9  1 0 0 1 1
   23    25   780    10  0 1 1 1 0
   24    55   800     6  0 1 0 1 1
   25     3   765     8  0 0 1 0 0
   26     1   190     5  0 1 0 0 1
   27    20   580     9  1 1 1 0 0
   28    56   255     6  1 0 0 0 0
   29    11   160    10  0 0 1 1 1
   30    32   815     5  1 0 1 1 0
   31    42   745     9  0 1 1 0 1
   32    13   975     9  0 1 0 0 1
   33     3   685     9  0 1 0 0 1
   34    32   500    10  0 1 1 1 0
   35     1   700    10  0 0 0 1 0
   36    57   305     9  1 0 0 0 0
   37    28   310     6  0 0 0 0 1
   38    31   545     5  0 1 1 1 0
   39     7   435     5  1 0 0 1 0
   40    58   215     8  1 1 1 0 0
   41    21   960     6  0 1 0 1 1
   42    25   620    10  0 1 1 1 0
   43    25   960     6  0 0 1 0 0
   44     9   240     8  1 0 0 1 0
   45    43   215     5  0 0 0 0 1
   46     1   405     6  1 1 0 0 0
   47    29   240     9  0 1 1 0 0
   48    49   590     9  0 1 1 0 1
   49    18   525     6  1 0 1 1 0
   50    38   610     9  0 1 1 0 0
   51    49   325    10  0 0 0 1 0
   52    40   680     8  1 0 0 0 1
   53     1   570     8  0 1 0 0 1
   54    17   290     9  0 1 0 0 1
   55     8   570     7  1 0 0 0 0
   56    10   385    10  1 0 0 0 1
   57    32   980    10  0 1 0 0 0
   58    13   760    10  1 1 0 1 0
   59     1   195     7  0 0 1 1 1
   60    49   325     8  0 1 0 1 1
   61     5   895     7  0 1 0 0 0
   62    59   295     7  0 0 1 1 0
   63     1   820     8  0 1 1 1 0
   64    43   360     8  0 0 0 1 0
   65    60   790     7  0 1 1 0 1
   66    11   805     9  1 0 1 0 1
   67    15   885     8  1 0 0 0 0
   68    34   820     6  1 0 0 0 1
   69    35   175    10  0 1 0 0 0
   70    27   575     6  0 0 1 0 1
   71    37   685     7  0 0 0 0 1
   72    61   225     6  1 0 0 1 0
   73    25   190     9  1 1 0 0 0
   74    13   340     6  1 0 1 0 0
   75    47   595     6  1 0 0 0 0

