DATASET = ORTEC Hidden VeRoLog 2019
NAME = Instance 7

DAYS = 25
TRUCK_CAPACITY = 18
TRUCK_MAX_DISTANCE = 980

TRUCK_DISTANCE_COST = 1000
TRUCK_DAY_COST = 100000
TRUCK_COST = 1000
TECHNICIAN_DISTANCE_COST = 10000
TECHNICIAN_DAY_COST = 1000
TECHNICIAN_COST = 100

MACHINES = 4
    1     6   260
    2     7   470
    3     7   905
    4     6   575

LOCATIONS = 59
    1   318   470
    2   295   507
    3   148   287
    4   427   708
    5    50   228
    6   539   362
    7   511    68
    8   377   366
    9   226   353
   10   410   299
   11   581   229
   12   565   734
   13   477   352
   14   254   333
   15   528   358
   16   567   339
   17   362   436
   18   542    35
   19   429   252
   20   297   674
   21   382   308
   22   729   730
   23   364   395
   24   757   431
   25   279   370
   26   222   399
   27   559   519
   28   730   717
   29   635   517
   30   498   320
   31   270   524
   32    24   234
   33   312   439
   34   555   477
   35   683   543
   36   388   581
   37   722   665
   38   467   261
   39   379   424
   40   519   312
   41   331   505
   42   342   452
   43   507   292
   44   173   274
   45   424   198
   46   335   316
   47   740   592
   48   376   369
   49   436   236
   50   243   329
   51   278   558
   52   298   229
   53   522   743
   54   299   580
   55   541    45
   56   542   447
   57   266   305
   58   330   510
   59   282   526

REQUESTS = 150
    1    49     1     6     4     3
    2    26     1     2     3     1
    3     5     1     5     4     1
    4    51     1     2     3     2
    5    29     1     3     1     2
    6    10     1     5     3     2
    7    40     1     5     1     2
    8    13     1     4     2     2
    9    33     1     3     3     2
   10    35     1     4     1     1
   11    13     1     3     4     2
   12    49     2     5     2     1
   13     7     2     7     4     1
   14    23     2     7     4     3
   15    36     2     4     2     2
   16    30     2     5     4     1
   17    19     2     7     2     2
   18    39     3     8     2     2
   19    42     3     5     1     2
   20    29     3     4     1     2
   21    15     3     7     3     1
   22    24     3     7     4     2
   23    45     3     7     1     1
   24    43     3     7     4     3
   25     2     4     6     1     1
   26    20     4     8     3     2
   27    14     4     8     1     2
   28    33     4     5     2     1
   29    12     4     5     1     2
   30    12     4     5     3     2
   31    30     4     7     1     2
   32    23     4     8     4     1
   33    23     4     9     4     1
   34    12     5     9     2     1
   35    45     5     6     4     2
   36    46     5     6     3     1
   37    19     5     9     1     3
   38    32     5     7     1     3
   39    25     5     9     3     2
   40    11     6     8     2     2
   41     5     6     7     1     1
   42     6     6    11     2     1
   43    35     6     7     4     1
   44     5     6    11     1     3
   45    36     6     9     1     1
   46    44     7    12     2     2
   47    16     7    12     4     3
   48    21     7    11     4     3
   49    38     7    10     2     1
   50    19     7     9     3     2
   51    38     7     8     3     1
   52     8     7    12     2     2
   53    48     7     8     2     2
   54     2     8     9     1     1
   55    13     8    12     1     1
   56    49     8    10     4     2
   57    24     8     9     4     1
   58    51     8    10     2     1
   59    12     8     9     4     2
   60    43     8    11     3     1
   61    16     8    12     4     1
   62    36     8    12     1     1
   63     9     8     9     2     1
   64    43     8    12     1     1
   65    50     8     9     2     1
   66    41     9    13     2     1
   67    28     9    13     1     2
   68    32     9    11     3     1
   69    33     9    14     3     1
   70    20     9    10     4     2
   71    19     9    14     1     2
   72    15     9    10     1     2
   73    20    10    14     1     2
   74     8    10    14     3     1
   75    31    10    14     3     1
   76    36    10    11     4     1
   77    17    10    12     2     1
   78    43    10    15     2     2
   79    49    10    11     4     1
   80    15    10    15     4     1
   81    33    10    15     3     2
   82    11    10    13     3     2
   83    13    10    14     2     1
   84    26    10    15     3     1
   85    12    10    12     1     2
   86    33    10    11     2     1
   87    21    10    12     2     1
   88    18    11    12     3     1
   89    47    11    16     2     2
   90    43    11    13     3     1
   91    30    11    14     1     2
   92     2    12    14     2     1
   93    44    12    14     1     2
   94    48    12    16     3     1
   95    49    12    17     1     1
   96    43    12    13     2     1
   97     5    12    14     3     1
   98     5    12    13     4     2
   99    33    12    15     4     3
  100    15    13    15     3     2
  101    12    13    14     3     1
  102    32    13    17     2     1
  103    25    13    18     4     3
  104    15    13    14     4     1
  105    48    13    15     3     2
  106    20    13    15     1     1
  107    37    14    15     2     1
  108    36    14    17     4     2
  109    33    14    18     4     1
  110    31    14    18     3     1
  111    16    14    16     3     1
  112    23    14    15     1     2
  113    42    14    16     1     2
  114    18    15    16     3     2
  115    49    15    18     3     2
  116    49    15    17     4     3
  117    26    15    19     2     2
  118    17    15    16     3     2
  119    12    15    16     4     3
  120    38    15    16     3     2
  121    44    15    16     1     3
  122    37    16    20     4     1
  123    38    16    18     3     1
  124     6    16    17     2     2
  125    29    16    19     1     1
  126    51    16    17     3     1
  127    48    16    21     2     2
  128    41    17    18     1     3
  129    17    17    18     2     1
  130    46    17    22     2     1
  131    17    17    21     1     2
  132    20    17    20     4     2
  133    34    17    18     4     3
  134    24    17    18     4     3
  135    31    18    19     3     2
  136     9    18    21     3     1
  137    50    18    22     1     3
  138     5    18    21     2     1
  139    29    18    21     2     2
  140     7    18    23     4     3
  141     4    18    22     4     1
  142    14    18    19     4     1
  143    37    18    19     2     1
  144    25    18    19     3     2
  145    50    19    20     3     1
  146    42    19    20     4     1
  147    38    19    23     4     2
  148    37    19    20     3     2
  149    46    19    22     1     2
  150    36    19    20     2     1

TECHNICIANS = 50
    1    52   930     7  0 1 1 1
    2    37   845     9  0 1 1 1
    3    13   235     8  1 0 1 1
    4    20   640     9  0 1 1 1
    5    30   100     5  0 0 0 1
    6    53   515     8  0 0 1 1
    7     5   600     5  1 1 1 0
    8     1   745     7  0 1 0 1
    9    44   130     9  1 1 0 1
   10    43   450     7  0 0 0 1
   11    40   350     6  0 1 0 1
   12     1   640    10  1 1 0 1
   13    50   760     5  1 1 0 1
   14    28   445     9  1 0 1 1
   15    50   120     8  0 1 1 1
   16     4   240     6  1 0 0 1
   17     1   540    10  0 0 1 1
   18    32   925     8  0 0 0 1
   19    54   465     7  1 1 1 0
   20    13   905     9  1 0 0 0
   21     1   485     7  1 1 0 0
   22    41   455     8  1 1 1 0
   23     9   925     6  1 0 0 0
   24    55   380     9  0 0 1 0
   25     9   345     8  0 0 1 1
   26    21   750     9  1 0 1 1
   27    28   210     9  1 0 0 0
   28     2   755     8  0 1 1 1
   29    56   565     9  0 1 1 1
   30     1   390     9  1 1 0 0
   31    13   870     8  1 1 1 0
   32    15   290     5  0 1 0 0
   33     1   595     6  1 1 1 0
   34     1   285     5  0 1 1 1
   35    57   420     8  0 0 0 1
   36    22   135    10  0 1 0 1
   37    28   925     9  0 1 0 1
   38    45   835     7  0 0 1 0
   39    58   300     7  0 1 1 1
   40    20   430     8  0 1 0 1
   41    18   565     9  0 1 1 1
   42    25   615     7  0 0 1 1
   43    38   400     5  1 0 1 1
   44    59   490    10  0 0 1 0
   45     4   160     8  1 1 1 0
   46    26   470    10  1 1 0 1
   47    32   660    10  1 0 1 1
   48     7   975     6  0 1 1 0
   49     1   855     7  1 1 0 1
   50    34   230     9  1 0 1 1

