DATASET = ORTEC Small VeRoLog 2019
NAME = Instance 18

DAYS = 5
TRUCK_CAPACITY = 18
TRUCK_MAX_DISTANCE = 1135

TRUCK_DISTANCE_COST = 100000
TRUCK_DAY_COST = 100000
TRUCK_COST = 100000
TECHNICIAN_DISTANCE_COST = 100
TECHNICIAN_DAY_COST = 1000
TECHNICIAN_COST = 1000

MACHINES = 5
    1     8   720
    2     7   570
    3     6   730
    4     3   755
    5     7   910

LOCATIONS = 13
    1   284   500
    2   286   511
    3   159   313
    4   528   364
    5   643   334
    6   250   236
    7   549   122
    8    91   194
    9   356   391
   10   391   307
   11    44   229
   12   454   369
   13   316   396

REQUESTS = 16
    1     8     1     3     1     2
    2     2     1     2     4     2
    3     4     1     3     3     1
    4     6     1     3     1     1
    5     5     1     2     1     1
    6     4     1     3     2     1
    7     2     1     3     4     3
    8     8     1     2     2     1
    9     9     1     2     3     3
   10     7     1     2     4     2
   11     8     2     3     2     1
   12     2     2     4     4     1
   13     8     2     4     4     2
   14     2     2     3     2     1
   15     4     2     4     5     1
   16     9     2     3     3     1

TECHNICIANS = 15
    1    10   415     6  1 1 1 0 0
    2    11   120     8  0 1 0 0 0
    3     7   480     8  0 0 0 0 1
    4     7   705     8  0 1 0 0 0
    5     4   240     8  1 0 0 0 1
    6    12   245     9  0 1 0 1 1
    7    13   270     7  0 0 1 0 0
    8     5   800     6  0 1 1 1 0
    9     6   745     6  0 1 0 0 0
   10     1   420     5  0 0 1 0 0
   11     1   245     8  0 0 1 0 0
   12     8   155     9  1 0 0 0 0
   13     6   250     8  0 0 1 0 1
   14     4   395     5  0 1 1 0 1
   15     8   330     9  1 0 1 1 0

