DATASET = ORTEC Hidden VeRoLog 2019
NAME = Instance 14

DAYS = 45
TRUCK_CAPACITY = 18
TRUCK_MAX_DISTANCE = 1430

TRUCK_DISTANCE_COST = 10000
TRUCK_DAY_COST = 1000
TRUCK_COST = 100000
TECHNICIAN_DISTANCE_COST = 100
TECHNICIAN_DAY_COST = 100000
TECHNICIAN_COST = 10000

MACHINES = 6
    1     5   525
    2     5   335
    3     4   910
    4     8   890
    5     6    90
    6     4   745

LOCATIONS = 117
    1   590   591
    2   255   338
    3   369   447
    4   298   469
    5   465   417
    6   352   229
    7   659   438
    8   540   350
    9   254   324
   10    99   291
   11   271   369
   12    42   205
   13   478   361
   14   229   335
   15   713   444
   16   504   714
   17   478   406
   18   740   634
   19   460   627
   20   243   326
   21   506   721
   22   547   419
   23   359   234
   24   550   520
   25   682   712
   26   121   208
   27   728   750
   28   404   178
   29   156   313
   30   144   324
   31   503   353
   32   257   469
   33   153   289
   34   280   549
   35   351   559
   36   581   798
   37   491   301
   38    45   203
   39   187   388
   40   265   401
   41   180   381
   42   277   301
   43   446   676
   44   578   444
   45   366   214
   46   436   236
   47   307   347
   48   428   173
   49   633   713
   50   297   568
   51   176   382
   52   195   393
   53   236   340
   54   374   470
   55   261   294
   56   329   462
   57   622   520
   58   268   524
   59   580   799
   60   420   324
   61   466   439
   62   284   626
   63   476   207
   64   369   446
   65   188   370
   66   499   320
   67   268   450
   68   178   377
   69   178   376
   70   581   229
   71   440   194
   72    14   168
   73   380   558
   74   269   318
   75   738   484
   76   389   388
   77   257   267
   78   477   363
   79   497   320
   80   460   150
   81   333   558
   82   465   668
   83   553   743
   84   321   464
   85   191   380
   86   636   757
   87   488    24
   88   256   402
   89   611   695
   90   180   377
   91   456   370
   92   261   545
   93   260   333
   94   544    33
   95   640   724
   96   276   453
   97   693   516
   98   323   471
   99   534   130
  100   600   351
  101   100   290
  102   291   546
  103   634   409
  104   366   394
  105   512   359
  106   748   652
  107   213   376
  108   458   351
  109   307   468
  110   432   232
  111   496   310
  112   542   419
  113   748   424
  114   543   431
  115   494   358
  116   512   336
  117   270   321

REQUESTS = 300
    1    59     1     6     3     3
    2    65     1     5     1     1
    3    34     1     6     2     2
    4     9     1     4     3     3
    5    87     1     5     5     2
    6    23     1     4     4     2
    7     4     1     5     6     1
    8    25     1     3     3     1
    9    30     2     3     3     3
   10    63     2     6     5     1
   11    51     2     5     4     1
   12    19     2     4     1     3
   13    33     2     3     3     2
   14    74     2     4     5     1
   15    39     2     5     6     2
   16    69     2     4     4     1
   17    85     2     6     5     3
   18    41     3     8     3     2
   19    63     3     7     6     2
   20    21     3     8     6     3
   21     4     3     5     1     3
   22    99     3     5     6     3
   23    46     4     6     5     2
   24    49     4     5     4     2
   25    70     4     6     2     1
   26    11     5     8     4     2
   27    53     5    10     1     2
   28    35     5     6     6     2
   29    61     5     6     4     2
   30    19     5    10     1     1
   31    81     5     9     1     1
   32    78     5     9     1     1
   33    85     5     6     3     2
   34    58     5    10     2     2
   35    22     6     9     4     1
   36    71     6    11     1     3
   37    67     6     7     5     3
   38    18     6    11     1     2
   39    93     6     8     2     2
   40    69     6    11     1     1
   41    32     6     8     4     1
   42    24     6     7     6     3
   43    47     7     8     2     3
   44    84     7     9     4     2
   45     8     7    10     6     2
   46    92     7    11     6     1
   47    91     7     9     5     3
   48    68     8    12     4     2
   49    73     8    12     3     2
   50    46     8    13     4     2
   51    81     8    11     6     2
   52    61     8    12     3     1
   53    26     8    11     6     1
   54    76     8    10     3     1
   55   101     9    12     5     1
   56    60     9    10     2     3
   57    93     9    13     4     1
   58    67     9    13     2     3
   59    69     9    13     1     1
   60    17     9    10     4     2
   61    59     9    14     3     1
   62    62     9    12     6     1
   63    64     9    13     4     2
   64    43     9    12     3     1
   65    74     9    11     3     2
   66     4    10    12     6     2
   67    75    10    12     2     3
   68    35    10    14     4     1
   69    13    10    13     1     2
   70     5    10    14     4     2
   71    45    10    13     5     2
   72    84    10    12     3     2
   73    38    11    13     4     1
   74    40    11    13     2     2
   75    36    11    12     3     2
   76    59    11    14     2     3
   77    46    11    15     4     2
   78    81    11    15     3     2
   79    12    11    13     2     1
   80    27    12    17     5     3
   81    73    12    15     3     2
   82    80    12    16     1     1
   83    73    12    14     5     2
   84    27    12    16     1     2
   85    82    12    17     6     1
   86    94    12    16     5     1
   87     8    12    17     4     2
   88    61    12    14     1     3
   89    85    12    13     5     3
   90    56    12    15     2     1
   91    28    13    14     6     2
   92    64    13    16     1     2
   93    97    13    16     5     3
   94    11    13    17     5     2
   95    76    13    14     6     3
   96    79    13    14     1     3
   97    71    13    17     3     3
   98    21    13    14     6     1
   99    33    13    14     3     1
  100    19    13    16     5     3
  101    45    13    14     6     3
  102    28    14    16     4     1
  103    88    14    17     1     3
  104    83    14    19     1     3
  105    76    14    18     1     1
  106    77    14    17     2     1
  107    11    14    16     4     2
  108    14    14    18     3     2
  109    28    14    16     4     2
  110    30    14    18     3     3
  111    85    14    16     5     3
  112    69    15    17     5     2
  113    57    15    16     4     2
  114    47    15    16     2     1
  115    35    15    16     1     3
  116    15    15    20     5     2
  117    15    15    18     2     2
  118    38    15    20     4     2
  119    41    15    20     3     2
  120    50    15    18     1     1
  121     8    16    21     2     2
  122    81    16    20     5     1
  123    57    16    19     1     1
  124    74    16    20     3     1
  125    24    16    17     5     2
  126    47    17    22     3     2
  127    32    17    22     6     1
  128    48    17    19     2     3
  129    83    17    20     6     1
  130    46    17    20     6     3
  131    66    17    19     2     2
  132    96    17    22     5     3
  133    78    17    19     6     2
  134    27    17    22     2     2
  135    65    17    20     3     1
  136     5    18    20     6     3
  137    94    18    22     5     3
  138    91    18    19     2     1
  139    59    18    22     2     3
  140    96    18    19     6     2
  141    46    18    23     2     1
  142    88    18    20     3     2
  143    51    18    22     4     1
  144    38    18    19     3     1
  145    88    19    20     1     3
  146    98    19    20     2     1
  147    26    19    22     2     1
  148    48    19    22     1     3
  149    34    19    23     2     1
  150    17    19    23     5     3
  151    39    19    20     2     3
  152    94    20    24     5     1
  153    86    20    23     3     3
  154    77    20    23     1     1
  155    39    20    23     3     1
  156    52    20    22     1     1
  157    67    21    24     3     2
  158    25    21    23     2     2
  159    87    21    26     3     3
  160   100    21    23     1     1
  161    76    22    23     5     1
  162    35    22    25     6     1
  163    34    22    25     6     2
  164    25    22    24     5     2
  165    57    22    25     2     3
  166    72    22    25     3     2
  167     4    22    24     5     2
  168    56    22    27     3     2
  169    61    22    25     1     3
  170    28    23    24     6     1
  171    68    23    25     6     1
  172    71    23    28     4     2
  173    13    23    25     6     2
  174    14    23    26     1     1
  175    36    24    29     4     2
  176    88    24    26     4     1
  177    73    24    25     4     2
  178    73    24    25     4     2
  179    37    24    25     6     1
  180    15    24    29     5     3
  181    72    24    25     5     2
  182    57    24    28     6     3
  183    59    24    28     4     2
  184   101    25    27     1     2
  185    28    25    30     6     3
  186    96    25    27     3     1
  187    41    25    30     2     3
  188     9    26    29     6     2
  189    53    26    29     3     3
  190    61    26    30     5     3
  191    92    26    28     6     1
  192    89    26    31     6     3
  193    37    26    30     1     1
  194    93    26    27     4     2
  195    13    26    31     5     3
  196    65    26    27     5     3
  197     2    26    30     5     1
  198    48    26    27     1     2
  199    43    26    28     3     3
  200    85    26    29     4     1
  201    26    27    31     3     2
  202     6    27    29     6     3
  203    23    27    32     5     2
  204    91    27    32     4     2
  205    29    27    30     6     3
  206    26    27    29     2     2
  207    63    27    32     6     2
  208    11    27    28     3     1
  209     3    28    29     2     2
  210    69    28    29     3     1
  211    88    28    32     2     1
  212    18    28    30     5     2
  213    78    28    33     6     1
  214     2    29    31     6     2
  215    48    29    33     2     2
  216    43    29    30     6     2
  217    52    29    32     1     2
  218    35    29    30     6     1
  219    39    29    34     2     3
  220    14    29    33     1     3
  221    44    29    30     1     2
  222    32    29    30     5     3
  223    79    29    34     2     2
  224    43    30    32     1     3
  225    61    30    31     3     2
  226    24    30    32     5     2
  227    20    30    35     5     2
  228    81    30    33     1     2
  229    95    30    31     1     1
  230    79    30    34     6     1
  231    94    30    35     6     3
  232    90    31    36     3     2
  233    72    31    35     2     3
  234    56    31    33     3     3
  235    52    31    35     2     2
  236    47    32    34     5     1
  237    72    32    37     2     3
  238    81    32    36     5     3
  239    90    32    33     5     3
  240    62    32    37     1     3
  241    50    32    37     3     2
  242    28    32    35     4     2
  243    47    32    33     3     1
  244    13    33    38     6     3
  245    55    33    37     4     2
  246    63    33    35     6     2
  247    25    33    38     3     3
  248    91    33    37     1     2
  249    83    33    36     1     1
  250    69    33    36     2     1
  251    11    33    37     1     3
  252    59    33    38     2     3
  253    13    33    37     2     3
  254    72    34    39     6     2
  255    64    34    39     5     3
  256    46    34    36     5     1
  257    99    34    38     1     3
  258    97    34    35     5     3
  259    39    34    39     1     1
  260    94    35    39     5     2
  261    36    35    37     3     3
  262    89    35    37     6     2
  263    31    35    37     4     2
  264    67    35    36     4     2
  265    55    35    36     5     2
  266    65    35    39     6     2
  267    24    35    38     6     2
  268    54    35    40     5     2
  269    70    35    40     2     1
  270    41    36    40     6     2
  271     3    36    39     2     3
  272    45    36    39     2     2
  273   100    36    40     6     2
  274    50    36    40     6     2
  275    84    36    40     6     2
  276    53    36    37     4     1
  277    67    37    38     5     3
  278    43    37    39     2     3
  279    32    37    39     5     3
  280    30    37    42     5     3
  281    40    37    41     2     2
  282    53    37    41     4     2
  283    66    37    42     1     2
  284    12    37    42     1     1
  285    70    37    41     3     3
  286    78    37    41     3     2
  287    69    37    39     2     2
  288    97    37    39     2     1
  289    28    38    40     6     1
  290    87    38    41     6     2
  291    75    38    39     2     2
  292     2    38    42     3     3
  293    74    38    40     5     1
  294    69    39    44     3     2
  295    97    39    41     1     2
  296    62    39    43     5     3
  297    26    39    42     5     1
  298    69    39    42     2     3
  299    49    39    42     1     3
  300    27    39    41     6     3

TECHNICIANS = 100
    1    48   185     6  0 0 0 1 0 0
    2   102   795     6  1 1 0 1 0 0
    3     1   615     5  1 0 0 0 0 0
    4    27   880     5  0 0 0 1 0 1
    5    91   970    10  0 1 0 0 0 0
    6    56   770     7  1 1 1 0 0 0
    7     1   110     6  0 1 1 0 1 0
    8    99   230     7  0 0 1 0 0 0
    9    85   155     7  0 0 1 0 1 1
   10    57   765     6  0 1 0 1 0 1
   11    51  1000    10  0 1 0 0 0 0
   12   103   385     5  0 0 0 1 0 0
   13     4   830     5  1 0 0 0 1 1
   14     1   370     6  0 0 0 1 0 0
   15    36   575     7  0 0 0 1 0 1
   16    76   590     9  1 0 0 0 0 0
   17    66   180     6  1 0 1 0 0 0
   18     1   340     6  0 0 0 0 0 1
   19     1   220    10  1 0 0 0 0 0
   20    57   860     7  1 0 0 0 0 1
   21   104   150     5  0 0 1 0 0 0
   22    99   870     6  0 0 1 0 0 0
   23    35    60     7  0 0 0 0 1 0
   24    77   150     7  0 0 0 1 0 0
   25   105   820     5  0 1 0 0 0 0
   26    89   205     8  0 1 0 0 0 0
   27    54   930    10  1 0 0 0 0 0
   28    76   930     9  1 0 1 1 0 0
   29    95   500     7  1 0 0 0 0 0
   30     1   225     5  1 0 1 0 0 1
   31    53   215     6  1 0 0 0 0 0
   32    63   930     5  1 0 0 0 0 0
   33    65   865    10  0 0 1 0 0 0
   34     1   230     5  1 1 0 1 0 0
   35    26   480     9  1 0 0 0 1 1
   36     3   900     6  0 1 0 1 1 0
   37     1   450     5  0 0 0 0 0 1
   38    73   410    10  0 0 1 0 1 1
   39   106   450    10  0 0 1 0 0 0
   40    60   710    10  0 1 1 0 1 0
   41    80   335     7  0 0 0 0 1 0
   42    29   610     6  0 1 1 0 0 1
   43    35   780     5  1 1 1 0 0 0
   44    78   435     8  1 0 0 0 1 0
   45    50   830     6  0 1 0 0 0 0
   46    99   210     8  0 0 1 0 0 0
   47   107   830     7  1 1 0 0 1 0
   48     1   370    10  0 1 1 0 0 1
   49   108   660     8  0 1 1 0 0 1
   50     5   850     6  0 1 0 0 0 0
   51   109   340     9  0 0 1 0 0 0
   52   110   500    10  1 1 1 0 0 0
   53    60   555    10  0 0 0 0 0 1
   54    80   375     6  0 0 1 0 1 0
   55    69   875     5  0 0 1 1 0 1
   56   111   640     5  0 0 0 1 0 0
   57    55   680     6  1 0 0 1 0 1
   58     1   710    10  0 1 0 0 0 0
   59     1   455     7  1 0 1 0 0 1
   60     1   845    10  0 0 1 0 0 0
   61    58   260     8  0 0 1 0 1 1
   62    87   835     9  0 0 1 0 0 0
   63    54   790     8  0 0 0 1 1 0
   64   100   975     8  0 1 0 1 0 1
   65    41   230     7  0 0 1 0 1 1
   66    39   675     9  0 1 0 0 1 0
   67    95   445     9  0 1 0 1 0 1
   68    72   735     7  0 0 1 1 0 0
   69    51   565     7  0 0 0 1 1 0
   70    63   620    10  1 1 0 0 0 0
   71    23   650     8  0 1 0 1 0 0
   72    89   770     7  1 0 1 0 0 0
   73    52   800     7  1 1 0 0 0 0
   74    75   535     8  1 0 0 0 1 1
   75   112   660     7  0 0 1 1 1 0
   76   113   215     8  0 0 0 1 1 1
   77    88   530    10  0 0 0 0 1 0
   78     1   505     9  0 0 0 1 0 1
   79    64   320     9  1 0 0 1 0 0
   80   100   520     9  1 1 0 1 0 0
   81    91   640     8  0 1 0 1 0 0
   82     1   405     5  0 1 0 1 0 1
   83    91   530     7  0 1 1 0 0 1
   84    44   375    10  0 1 1 0 0 0
   85     1   945    10  0 0 0 1 0 1
   86    97   915     5  0 1 0 0 1 1
   87    50   825     6  1 0 0 0 0 1
   88   114   895     8  1 0 0 1 0 1
   89    20   515     6  0 1 0 1 0 0
   90    10   985     6  1 0 1 1 0 0
   91    16   680     5  0 0 1 0 1 1
   92     1   690    10  0 0 1 0 0 1
   93   115  1000     7  1 1 0 0 1 0
   94     1   875     8  1 1 0 0 0 0
   95   116   355     5  1 0 0 1 0 0
   96     7   605     8  0 0 0 1 1 0
   97    76   840     7  1 0 0 0 1 0
   98   117   545     6  0 0 0 1 0 0
   99    85   240     9  1 1 0 0 1 0
  100    14   480     5  0 1 1 0 0 1

