DATASET = ORTEC Small VeRoLog 2019
NAME = Instance 25

DAYS = 4
TRUCK_CAPACITY = 18
TRUCK_MAX_DISTANCE = 900

TRUCK_DISTANCE_COST = 10
TRUCK_DAY_COST = 100
TRUCK_COST = 10
TECHNICIAN_DISTANCE_COST = 10000
TECHNICIAN_DAY_COST = 10
TECHNICIAN_COST = 100000

MACHINES = 7
    1     7   435
    2     8   355
    3     6   330
    4     4   810
    5     3   525
    6     4   300
    7     8   500

LOCATIONS = 10
    1   356   271
    2   643   617
    3   369   425
    4   409   277
    5   304   490
    6   274   454
    7   496   185
    8   177   353
    9    25   179
   10   315   459

REQUESTS = 6
    1     3     1     3     3     3
    2     4     1     2     7     1
    3     3     1     3     4     3
    4     3     1     3     5     1
    5     3     1     2     2     1
    6     2     1     3     3     1

TECHNICIANS = 25
    1     3   310     9  0 0 1 0 0 0 1
    2     3   165     6  1 0 0 0 0 0 0
    3     1   220     8  1 0 0 0 0 0 0
    4     2   610     8  1 0 0 0 1 0 0
    5     2   585    10  0 1 0 1 1 0 0
    6     3   200     7  1 0 1 0 1 0 0
    7     3   390     8  0 0 0 0 0 1 0
    8     5   330     5  1 0 0 0 1 0 0
    9     2   115    10  0 1 0 0 0 1 1
   10     6   200    10  0 1 0 0 0 0 0
   11     3   675     6  0 0 0 0 1 0 0
   12     2   450    10  0 0 1 0 1 0 1
   13     2   825     7  0 1 0 0 0 1 0
   14     2   635     9  1 0 0 0 0 0 0
   15     7   545     5  0 1 0 1 0 1 0
   16     1   410     6  0 0 1 0 0 0 0
   17     2   425     5  0 1 1 0 0 0 0
   18     3   805    10  0 1 0 0 0 0 0
   19     8   465     7  1 0 0 0 0 0 1
   20     9   565    10  1 0 0 1 0 0 1
   21     3   600     9  0 0 1 0 0 0 0
   22    10   515     5  1 0 1 0 1 0 0
   23     3   840     5  0 1 0 1 0 0 0
   24     1   645    10  0 1 1 1 0 0 0
   25     3   400    10  1 0 0 1 0 1 0

