DATASET = ORTEC Small VeRoLog 2019
NAME = Instance 15

DAYS = 6
TRUCK_CAPACITY = 18
TRUCK_MAX_DISTANCE = 620

TRUCK_DISTANCE_COST = 10
TRUCK_DAY_COST = 1000
TRUCK_COST = 10
TECHNICIAN_DISTANCE_COST = 1000
TECHNICIAN_DAY_COST = 100000
TECHNICIAN_COST = 100000

MACHINES = 7
    1     3   630
    2     7   625
    3     6    35
    4     4   585
    5     3   425
    6     6   970
    7     3   620

LOCATIONS = 8
    1   358   385
    2   655   397
    3   295   267
    4   528   644
    5   402   462
    6   566   461
    7   377   462
    8   657   529

REQUESTS = 10
    1     6     1     3     7     3
    2     5     1     2     4     2
    3     4     1     2     3     3
    4     3     1     3     2     2
    5     3     1     2     5     1
    6     2     2     4     6     2
    7     6     2     4     7     3
    8     5     2     4     6     2
    9     6     2     4     1     2
   10     4     3     4     3     3

TECHNICIANS = 25
    1     3   670     6  0 0 0 0 0 0 1
    2     5   520     5  0 0 0 0 0 0 1
    3     4   210     6  1 0 0 0 0 1 0
    4     4   625     5  0 0 0 0 1 0 1
    5     5   445     8  1 0 0 0 1 0 0
    6     4   395     6  1 1 0 0 0 0 1
    7     1   895     6  0 0 0 0 1 0 1
    8     2   130     5  0 0 0 0 0 0 1
    9     1   270    10  1 1 0 0 0 0 0
   10     4   680     9  1 1 1 0 0 0 0
   11     4   445     9  0 0 0 0 0 1 0
   12     2   395     8  1 0 0 0 1 0 0
   13     5   225     9  0 0 0 1 1 1 0
   14     2   710     6  0 1 0 0 0 0 1
   15     3   740     5  0 0 0 0 0 1 0
   16     4   740     8  1 1 0 1 0 0 0
   17     7   150     9  0 1 0 1 0 0 0
   18     1   320    10  0 1 0 0 0 1 1
   19     5   490     5  0 0 0 0 1 0 0
   20     4   645     5  1 1 1 0 0 0 0
   21     1   525     8  1 0 0 0 0 1 0
   22     3   945     6  0 0 1 0 0 0 0
   23     2   775     6  1 1 0 0 0 1 0
   24     8   610     8  0 1 1 0 0 0 1
   25     4   760     8  0 1 0 1 0 0 1

