DATASET = ORTEC Small VeRoLog 2019
NAME = Instance 10

DAYS = 5
TRUCK_CAPACITY = 18
TRUCK_MAX_DISTANCE = 2000

TRUCK_DISTANCE_COST = 100
TRUCK_DAY_COST = 100000
TRUCK_COST = 10
TECHNICIAN_DISTANCE_COST = 100000
TECHNICIAN_DAY_COST = 10
TECHNICIAN_COST = 100000

MACHINES = 7
    1     8   203
    2     5   396
    3     5   822
    4     6   473
    5     7   220
    6     4   511
    7     5   431

LOCATIONS = 10
    1   332   442
    2   179   339
    3   349   320
    4   299   481
    5   508   648
    6   350   559
    7   384   450
    8   715   590
    9   219   308
   10   254   459

REQUESTS = 12
    1     7     1     3     5     1
    2     6     1     3     5     2
    3     4     1     2     2     1
    4     6     1     3     3     3
    5     3     1     3     7     2
    6     7     1     3     4     1
    7     7     2     3     2     3
    8     5     2     4     6     3
    9     6     2     3     2     2
   10     2     2     4     7     2
   11     3     2     3     2     2
   12     5     2     3     5     2

TECHNICIANS = 25
    1     2   528     8  0 0 0 1 0 0 0
    2     4   320     7  0 0 1 0 0 0 0
    3     5   336     5  1 0 0 0 0 0 0
    4     1   909     6  0 0 0 1 1 0 1
    5     1   142     9  0 0 1 0 0 0 0
    6     4   326     7  0 1 0 0 0 0 0
    7     2   795     7  1 0 0 0 0 1 1
    8     3   968     6  1 1 0 0 0 0 0
    9     2   447    10  1 0 1 0 0 0 0
   10     3   131    10  1 0 0 0 0 0 0
   11     6   911     6  1 0 0 0 1 0 1
   12     6   673     6  0 0 1 1 1 0 0
   13     8   182     5  1 0 0 0 0 0 1
   14     1   460     8  0 1 1 0 0 0 0
   15     2   272     7  0 0 1 0 0 0 1
   16     2   587     7  0 0 0 0 0 1 0
   17     9   836     8  0 0 0 1 0 0 0
   18     1   280     8  0 0 1 0 0 1 1
   19     6   383     8  1 0 0 0 0 1 0
   20     4   497     8  0 1 0 1 0 0 1
   21     2   323     7  1 0 0 0 0 0 0
   22     4   922     7  1 0 0 1 0 0 0
   23     6   968     7  0 0 0 1 1 0 1
   24     5   702    10  0 0 1 0 0 0 0
   25    10   654     9  0 0 0 1 1 0 0

