DATASET = ORTEC Hidden VeRoLog 2019
NAME = Instance 18

DAYS = 35
TRUCK_CAPACITY = 18
TRUCK_MAX_DISTANCE = 1435

TRUCK_DISTANCE_COST = 100
TRUCK_DAY_COST = 100000
TRUCK_COST = 1000
TECHNICIAN_DISTANCE_COST = 10
TECHNICIAN_DAY_COST = 10
TECHNICIAN_COST = 1000

MACHINES = 5
    1     7   145
    2     7   655
    3     4    95
    4     4   530
    5     6   660

LOCATIONS = 313
    1   183   372
    2   259   339
    3   241   346
    4   413   382
    5   325   466
    6   569   328
    7   262   482
    8   215   405
    9   238   324
   10   739   603
   11   164   363
   12   337   339
   13    45   211
   14   741   450
   15   426   329
   16   232   221
   17   295   344
   18   348   311
   19   303   489
   20   326   468
   21   310   455
   22   185   389
   23   544   467
   24   353   252
   25   253   508
   26   335   313
   27   506   311
   28   298   229
   29   333   523
   30   173   225
   31   627   614
   32     1   160
   33   326   473
   34   760   475
   35   670   713
   36   536   236
   37   507   721
   38   360   397
   39   268   401
   40   703   637
   41   212   374
   42   184   321
   43   311   416
   44   591   351
   45   366   391
   46   466   439
   47   268   308
   48   532    44
   49   548   622
   50   350   552
   51   374   366
   52   247   342
   53   433   426
   54   211   376
   55   440   190
   56   340   420
   57   702   451
   58   477   377
   59    67   236
   60   410   299
   61   312   462
   62   187   383
   63   264   342
   64   300   348
   65   441   208
   66   625   328
   67   669   353
   68   348   513
   69   346   455
   70   277   369
   71   671   747
   72   314   477
   73   511   713
   74   320   472
   75   329   364
   76   317   582
   77   653   651
   78   633   407
   79   232   321
   80   674   402
   81   299   467
   82   576   690
   83   539   769
   84   229   339
   85   669   550
   86   286   237
   87   593   488
   88   436   185
   89   249   438
   90   554    26
   91   277   517
   92   285   551
   93   302   472
   94   590   582
   95   518    68
   96   247   344
   97   237   339
   98   376   182
   99   636   409
  100   540   426
  101   711   482
  102   458   352
  103   204   396
  104   315   482
  105   233   440
  106   265   401
  107   295   344
  108   462   137
  109   594   402
  110   474   714
  111   225   337
  112   357   331
  113   242   346
  114   275   367
  115   190   386
  116   591   404
  117   282   496
  118   568   429
  119   489   677
  120   470   264
  121   194   312
  122   473   205
  123   508   241
  124   473   208
  125   424   215
  126   535   428
  127   519   341
  128   626   337
  129   210   339
  130   468   453
  131   377   236
  132   202   390
  133   792   693
  134   238   429
  135    49   220
  136   752   577
  137   224   323
  138   212   311
  139   735   424
  140   375   371
  141   533   619
  142   360   389
  143   330   459
  144   289   511
  145   328   480
  146   306   346
  147    34   238
  148   518    68
  149   228   413
  150   656   727
  151   177   335
  152   269   513
  153   260   487
  154   677   531
  155   471   388
  156   299   492
  157   540   429
  158   503   712
  159   195   240
  160   231   407
  161   734   583
  162   353   235
  163   285   557
  164   357   330
  165   304   531
  166   529   753
  167   364   396
  168   569   700
  169   347   402
  170    97   162
  171   450   369
  172   499   271
  173   518   271
  174   360   498
  175   215   323
  176   225   340
  177   347   365
  178   334   508
  179   270   466
  180   277   539
  181   213   388
  182   308   470
  183   518   335
  184   123   135
  185   518   348
  186   290   641
  187   261   424
  188   326   465
  189   369   256
  190   404   236
  191   501   313
  192   357   361
  193   269   305
  194   635   445
  195   672   661
  196   687   572
  197   292   465
  198   250   354
  199   213   389
  200   295   463
  201   441   505
  202   504   310
  203   622   643
  204   547   426
  205   480   275
  206   508   306
  207   675   640
  208   651   393
  209   337   314
  210   333   511
  211   374   566
  212   478   406
  213   338   315
  214   287   433
  215   548   496
  216   257   422
  217   294   474
  218   430   184
  219   610   394
  220   256   468
  221   399   569
  222   353   552
  223    37   225
  224   390   566
  225   268   513
  226   257   479
  227   338   463
  228   474   375
  229   191   377
  230   551    37
  231   487   181
  232   533   437
  233   220   365
  234   258   340
  235   319   477
  236   268   429
  237   350   550
  238    79   151
  239   302   564
  240   378   426
  241   415   410
  242   681   462
  243   563   383
  244   171   359
  245   232   410
  246   542    54
  247   569   444
  248   421   187
  249   181   334
  250   212   387
  251   643   617
  252   681   389
  253   520   315
  254   517    70
  255   285   641
  256   344   455
  257   394   572
  258   176   382
  259   205   391
  260   261   306
  261   236   408
  262   181   383
  263   375   366
  264   361   554
  265   196   314
  266   453   366
  267   201   362
  268   686   468
  269    81   234
  270   312   387
  271   394   427
  272   307   467
  273   629   331
  274   271   515
  275   257   297
  276   280   304
  277   376   431
  278   348   512
  279   559   504
  280   497   311
  281   537   258
  282   192   392
  283   593   651
  284    52   215
  285   255   481
  286   210   210
  287   350   556
  288   279   560
  289   292   361
  290   345   260
  291   194   313
  292   378   451
  293   230   347
  294   468   387
  295   106   217
  296   217   330
  297   177   364
  298   647   322
  299   251   201
  300   214   345
  301   680   392
  302   315   386
  303   535    62
  304   684   487
  305   212   321
  306   404   275
  307   500    53
  308   356   308
  309   363   382
  310   367   466
  311   171   360
  312   566   511
  313   380   426

REQUESTS = 900
    1   168     1     4     2     1
    2   229     1     2     5     3
    3   165     1     2     1     2
    4    27     1     5     4     2
    5    35     1     2     2     2
    6   146     1     3     1     1
    7   237     1     2     1     2
    8   267     1     5     4     3
    9    71     1     4     2     1
   10   102     1     5     3     2
   11   242     1     2     3     1
   12   214     1     5     5     3
   13    21     1     6     3     2
   14   275     1     5     3     3
   15   233     1     6     4     3
   16   155     1     4     2     1
   17   187     1     3     1     1
   18   149     1     4     4     2
   19    10     1     3     4     2
   20    10     1     6     3     3
   21    68     1     2     1     1
   22   258     1     2     5     2
   23    40     1     5     2     2
   24   151     1     5     3     3
   25    84     1     3     3     3
   26   214     1     2     2     1
   27   293     1     3     1     1
   28   154     1     4     5     2
   29   162     2     4     2     1
   30   106     2     4     4     1
   31   272     2     4     2     1
   32   220     2     5     4     2
   33   285     2     4     5     1
   34   146     2     6     3     3
   35   193     2     4     5     2
   36    15     2     7     5     3
   37    55     2     7     2     2
   38   296     2     3     3     2
   39   143     2     6     5     1
   40    83     2     7     3     3
   41    99     2     4     1     1
   42   258     2     5     2     2
   43    92     2     4     2     2
   44   192     2     5     5     2
   45    33     2     7     2     1
   46   289     2     4     5     1
   47   210     2     6     2     2
   48   282     2     3     3     2
   49    66     2     4     4     3
   50     6     2     5     2     1
   51   253     2     6     4     3
   52    18     2     3     4     2
   53   262     2     3     3     1
   54   245     2     7     4     3
   55   274     2     4     1     2
   56    60     2     7     1     2
   57   138     2     5     5     1
   58   216     2     5     4     3
   59   187     3     8     5     2
   60    31     3     4     3     1
   61    75     3     5     4     1
   62   209     3     4     1     2
   63    67     3     4     1     2
   64   141     3     7     3     2
   65   140     3     8     1     2
   66    89     3     7     3     2
   67    33     3     7     1     2
   68    72     3     5     3     3
   69   185     3     5     1     2
   70   243     3     6     3     2
   71   121     3     6     5     3
   72   101     3     6     5     1
   73   237     3     6     3     3
   74   230     3     5     1     2
   75    43     3     8     1     1
   76    51     3     6     2     2
   77    96     3     8     2     1
   78    40     3     5     5     1
   79   191     3     4     1     2
   80   106     3     4     1     2
   81   187     3     7     3     1
   82    96     3     5     1     2
   83   189     3     5     2     2
   84   197     3     5     3     2
   85   263     3     5     1     2
   86   109     3     5     4     3
   87   291     3     5     3     1
   88   182     3     6     2     2
   89    42     3     7     5     2
   90   185     4     9     4     2
   91    59     4     7     5     3
   92   254     4     6     2     2
   93   138     4     8     3     2
   94    25     4     8     4     3
   95   101     4     8     3     2
   96   194     4     5     2     2
   97   244     4     8     4     2
   98   284     4     9     2     2
   99    82     4     8     5     3
  100   133     4     8     1     2
  101    45     4     8     3     2
  102   188     4     5     4     2
  103    75     4     9     2     2
  104    41     4     7     1     2
  105   245     4     9     4     2
  106   291     4     7     3     1
  107   228     4     9     5     2
  108   209     4     8     3     1
  109   141     4     7     2     2
  110   100     4     5     4     2
  111   180     4     5     5     2
  112   132     4     8     4     1
  113    28     4     9     2     1
  114   253     4     7     3     2
  115   194     4     9     3     3
  116   223     4     9     4     1
  117   240     5    10     2     2
  118   219     5     9     4     1
  119   259     5     6     2     2
  120   135     5     9     4     1
  121   146     5     7     2     1
  122   122     5     6     1     2
  123   207     5     7     5     3
  124    40     5     9     3     2
  125   203     5     9     2     2
  126   209     5    10     1     2
  127   129     5     8     5     1
  128    68     5     9     2     1
  129   105     5    10     5     3
  130    29     5     6     2     1
  131   256     5     7     1     1
  132   216     5     6     2     2
  133    35     5     6     2     1
  134   128     5     9     5     3
  135    32     5     8     3     1
  136   299     5     7     3     3
  137    99     5    10     2     1
  138   269     5    10     4     2
  139   189     5     7     1     2
  140   119     5    10     5     1
  141   167     5    10     5     2
  142   120     5     9     3     2
  143   120     5     9     2     1
  144    93     5     7     4     3
  145   228     5     7     1     1
  146   261     5    10     5     3
  147   272     5     7     4     3
  148   257     5     6     1     1
  149   269     5     9     1     2
  150   262     5    10     2     2
  151   240     5     6     5     1
  152   183     5     9     5     2
  153   148     5     9     2     2
  154    81     5     6     5     1
  155    44     5    10     3     2
  156   156     6     7     2     1
  157   263     6    10     4     1
  158    48     6     8     5     3
  159   170     6    10     3     3
  160    45     6    10     1     1
  161   242     6     8     3     3
  162    66     6    11     3     1
  163   174     6    10     3     2
  164    22     6     9     3     3
  165   258     6     7     3     2
  166   192     6    11     3     3
  167    86     6     9     3     2
  168   286     6     7     4     2
  169   167     6     9     5     3
  170   199     6    10     4     3
  171   133     6     9     5     3
  172   248     6     9     4     3
  173    69     6     7     2     2
  174    44     6     7     5     2
  175    64     6     7     1     2
  176   226     6     8     3     3
  177    84     6    10     4     3
  178   115     6     9     1     1
  179   186     6     8     1     2
  180   127     6    10     1     2
  181   142     6     9     3     2
  182   246     6     9     4     3
  183    59     6    11     3     2
  184   253     6     8     2     2
  185   189     6    11     4     3
  186    73     6     8     1     2
  187   117     6     7     5     3
  188    45     6     8     3     2
  189   221     6     7     4     1
  190    50     6    11     4     3
  191    37     7    11     2     2
  192    78     7    12     3     1
  193    92     7     9     3     2
  194   235     7    12     2     2
  195    37     7     9     1     2
  196   158     7    11     5     1
  197    24     7     9     3     2
  198   293     7     8     5     2
  199   300     7    10     2     2
  200    23     7     9     2     1
  201   132     7     8     4     3
  202    51     7    11     1     1
  203   106     7     9     1     2
  204    61     7     9     1     1
  205   278     7    12     2     2
  206    90     7    11     4     2
  207    44     7    11     4     3
  208   231     7    12     4     1
  209   159     7    12     4     2
  210   262     7    10     5     3
  211    39     7     8     2     2
  212   269     7     8     3     3
  213   248     7    10     4     1
  214   148     7     8     4     2
  215    52     7     9     2     2
  216   226     7     8     3     1
  217   100     7    11     2     2
  218   222     7     8     5     1
  219    64     7     8     3     2
  220    89     7     8     2     1
  221     7     8    10     2     2
  222   293     8    12     2     1
  223   222     8    11     3     3
  224    26     8    12     4     3
  225   127     8    11     2     1
  226    13     8     9     5     3
  227   134     8    10     1     1
  228   262     8    13     2     2
  229    71     8    12     4     2
  230   105     8    10     2     1
  231   164     8    11     2     1
  232   299     8    11     2     1
  233   293     8    11     4     3
  234   243     8    11     2     1
  235    47     8    13     2     2
  236   111     8    10     2     1
  237   175     8    10     3     2
  238   301     8    10     2     2
  239   167     8     9     5     2
  240   265     8    12     4     3
  241   207     8    10     1     2
  242    66     8    12     2     1
  243   134     8    11     3     3
  244   197     8    13     3     3
  245   300     8     9     3     1
  246   271     8     9     4     2
  247   150     8    13     4     1
  248   266     8    12     2     1
  249   226     8     9     5     2
  250   192     8    11     5     3
  251   171     8     9     3     2
  252   253     8    13     2     2
  253   200     8    12     5     1
  254   280     8    10     5     2
  255   262     8    10     4     1
  256     4     9    12     5     2
  257   207     9    12     2     1
  258   260     9    13     2     1
  259   187     9    10     4     3
  260    30     9    13     1     2
  261   238     9    12     4     1
  262   244     9    13     1     2
  263   288     9    12     1     1
  264   236     9    13     4     1
  265   110     9    10     3     2
  266   287     9    12     3     3
  267   229     9    10     1     1
  268   237     9    11     2     2
  269   212     9    14     3     3
  270   211     9    13     1     1
  271   286     9    12     3     3
  272   301     9    10     5     1
  273   264     9    12     3     2
  274   203     9    12     1     2
  275    16     9    12     5     1
  276   294     9    14     4     3
  277   231     9    14     1     1
  278   170     9    12     3     3
  279   202     9    12     4     1
  280   123     9    14     5     1
  281    91     9    12     2     2
  282   176     9    14     4     3
  283   169     9    11     4     3
  284    66     9    11     5     3
  285   298    10    12     5     3
  286    57    10    14     4     2
  287   295    10    13     3     1
  288    66    10    15     2     1
  289   286    10    14     5     3
  290   183    10    15     4     3
  291    59    10    13     3     2
  292   286    10    14     3     3
  293    14    10    12     1     2
  294   257    10    13     4     2
  295    17    10    15     5     1
  296   164    10    12     5     2
  297   235    10    14     1     1
  298   122    10    13     5     2
  299    87    10    15     1     1
  300   120    10    12     3     2
  301   297    10    15     1     2
  302   212    10    12     5     3
  303    35    10    12     2     1
  304   244    10    14     2     2
  305   206    10    14     1     2
  306    40    10    11     4     2
  307   107    10    12     3     2
  308   289    10    13     5     1
  309   238    10    12     2     2
  310    50    10    11     5     3
  311   256    10    11     1     2
  312   165    10    11     5     3
  313     6    10    15     5     3
  314   142    10    13     3     2
  315    44    10    12     4     3
  316   156    11    16     1     2
  317   233    11    15     3     3
  318   216    11    16     5     2
  319   119    11    15     4     1
  320   265    11    12     1     1
  321   186    11    15     1     2
  322    32    11    15     5     3
  323   238    11    16     1     2
  324   283    11    12     3     3
  325   184    11    14     3     3
  326   284    11    15     5     3
  327     8    11    12     3     3
  328   126    11    13     4     3
  329    53    11    12     1     1
  330    78    11    15     2     2
  331    34    11    15     3     1
  332   138    11    16     1     2
  333    33    11    16     1     1
  334   112    11    16     5     3
  335    92    11    15     3     1
  336     5    11    14     4     3
  337   219    11    13     2     2
  338   228    11    14     2     1
  339   179    11    14     5     1
  340   123    11    12     4     2
  341   297    11    15     3     3
  342    70    11    16     5     1
  343     5    11    12     2     1
  344   132    12    17     4     2
  345   211    12    16     2     2
  346   213    12    16     1     2
  347    94    12    17     4     3
  348    33    12    13     2     1
  349   298    12    14     3     3
  350   254    12    16     4     3
  351    47    12    14     3     3
  352   123    12    16     4     1
  353   224    12    16     5     3
  354    71    12    15     5     2
  355    14    12    15     3     2
  356   301    12    13     4     2
  357   236    12    13     1     2
  358    76    12    14     5     1
  359   151    12    17     4     2
  360   295    12    17     5     3
  361   176    12    17     5     1
  362   261    12    17     1     1
  363   283    12    14     1     1
  364   268    12    13     2     1
  365    80    12    16     1     1
  366    87    12    14     5     3
  367   148    12    15     5     2
  368    89    12    14     4     3
  369   169    12    17     3     2
  370    35    12    15     1     1
  371   129    13    15     5     3
  372    35    13    14     1     1
  373    81    13    18     3     1
  374   236    13    16     2     1
  375   146    13    15     4     2
  376    35    13    18     4     3
  377   221    13    18     3     3
  378    18    13    17     4     3
  379   292    13    16     4     1
  380   227    13    16     2     1
  381    14    13    18     2     1
  382    17    13    18     4     1
  383    42    13    17     3     2
  384   204    13    17     4     1
  385   101    13    16     2     2
  386   264    13    18     2     2
  387   142    13    16     4     2
  388   216    13    16     2     1
  389   100    13    14     1     1
  390   142    13    18     3     1
  391   103    13    15     5     2
  392    26    13    14     4     2
  393    86    13    17     2     2
  394    69    13    16     3     1
  395   227    13    16     1     1
  396   137    13    18     2     1
  397   121    13    16     4     3
  398    47    13    18     3     3
  399   132    13    15     4     2
  400   270    13    14     1     1
  401   108    13    18     1     1
  402   111    13    18     2     1
  403    49    13    15     2     1
  404   260    13    15     3     2
  405   141    13    14     5     1
  406   204    14    16     1     1
  407   250    14    17     1     2
  408   113    14    16     3     1
  409   266    14    18     4     3
  410   195    14    15     1     1
  411   286    14    19     2     1
  412   133    14    17     2     2
  413   112    14    18     5     2
  414    25    14    15     2     1
  415   203    14    19     2     2
  416    23    14    17     5     2
  417    82    14    17     3     2
  418   220    14    17     3     2
  419    95    14    15     3     2
  420    25    14    15     2     1
  421   180    14    19     3     3
  422   100    14    17     1     2
  423   296    14    16     5     3
  424   182    14    16     1     1
  425   271    14    18     3     1
  426   234    14    16     3     2
  427    16    14    15     1     2
  428    71    14    17     1     2
  429   151    14    18     3     2
  430   180    14    18     2     2
  431     9    14    18     5     3
  432   188    14    19     2     1
  433   265    14    17     5     2
  434   133    14    15     5     3
  435   162    15    19     2     2
  436   299    15    17     3     2
  437   230    15    17     2     2
  438    90    15    18     2     1
  439     5    15    16     5     2
  440    81    15    19     4     2
  441   247    15    17     3     1
  442   194    15    17     3     1
  443   211    15    16     4     1
  444   103    15    19     3     3
  445   107    15    18     4     3
  446   168    15    19     2     2
  447   192    15    20     2     2
  448    88    15    19     4     3
  449   152    15    17     5     3
  450    81    15    16     4     2
  451    34    15    20     5     3
  452    42    15    19     3     1
  453    25    15    18     5     2
  454    31    15    17     2     2
  455   258    15    18     2     2
  456   204    15    16     2     2
  457   272    15    19     2     1
  458   272    15    18     5     1
  459   276    15    19     3     1
  460   277    15    19     2     1
  461   278    15    19     1     1
  462   290    15    16     5     1
  463    87    15    20     5     3
  464   163    15    19     3     2
  465   289    15    19     5     1
  466   224    15    17     4     1
  467   259    15    17     4     1
  468    13    15    18     4     1
  469    92    16    18     4     1
  470    87    16    19     1     1
  471   244    16    20     1     1
  472   262    16    17     1     1
  473   155    16    21     5     1
  474   207    16    20     2     2
  475    37    16    20     5     2
  476    67    16    17     1     1
  477   252    16    21     4     2
  478   179    16    20     3     3
  479    21    16    20     4     1
  480   240    16    20     4     3
  481    68    16    21     5     1
  482   124    16    20     5     2
  483   180    16    18     3     3
  484   205    16    18     2     1
  485   171    16    17     3     3
  486   281    16    18     5     3
  487    12    16    20     5     3
  488    24    16    20     2     1
  489    18    16    20     4     3
  490   238    16    18     4     2
  491   210    16    21     1     1
  492   124    16    21     2     1
  493    61    16    18     2     1
  494    66    16    18     5     1
  495    41    16    21     1     2
  496   153    16    21     3     1
  497    23    16    21     5     2
  498    52    16    20     2     1
  499   205    16    20     2     2
  500   204    16    18     3     2
  501   204    16    20     3     3
  502   158    17    20     1     1
  503    58    17    19     1     1
  504    28    17    18     3     2
  505    57    17    22     5     1
  506   118    17    21     4     2
  507   182    17    22     1     1
  508   271    17    19     5     2
  509    66    17    21     4     3
  510   263    17    18     3     2
  511    21    17    21     1     1
  512    51    17    22     3     1
  513   202    17    21     4     1
  514   261    17    18     2     2
  515   272    17    22     2     2
  516   185    17    20     1     2
  517    96    17    18     4     2
  518   257    17    22     4     1
  519   191    17    20     5     3
  520    33    17    18     1     2
  521   274    17    20     1     1
  522   246    17    21     1     2
  523    72    17    21     1     2
  524   197    17    20     3     1
  525   253    17    22     3     2
  526   110    17    18     3     3
  527    86    18    20     4     1
  528    13    18    19     2     2
  529    52    18    23     5     3
  530    41    18    21     4     1
  531   286    18    22     3     2
  532    36    18    22     1     2
  533    51    18    19     1     1
  534   144    18    21     2     2
  535    55    18    19     1     2
  536   191    18    20     2     1
  537   203    18    22     3     2
  538   288    18    23     5     3
  539    40    18    21     3     1
  540     2    18    21     4     1
  541    63    18    19     5     1
  542   122    18    22     4     1
  543   273    18    19     2     1
  544   167    18    22     5     1
  545   221    18    20     5     1
  546   234    18    19     4     2
  547   207    18    23     3     3
  548   129    18    22     3     1
  549    96    18    21     3     2
  550    68    18    21     2     1
  551   167    18    22     2     2
  552   209    18    20     5     2
  553    69    18    23     1     2
  554   197    18    20     3     3
  555   214    18    19     4     1
  556   246    18    21     1     1
  557   239    18    23     1     1
  558   259    18    21     1     1
  559   261    19    22     4     1
  560    30    19    23     5     2
  561    23    19    24     4     2
  562   158    19    20     2     2
  563    27    19    23     2     1
  564   239    19    22     3     3
  565   275    19    22     5     2
  566   236    19    22     1     2
  567   180    19    23     1     1
  568   192    19    20     2     2
  569   278    19    24     1     2
  570    26    19    23     4     3
  571   290    19    23     4     1
  572   125    19    24     4     3
  573   272    19    20     3     2
  574    51    19    20     5     2
  575    72    19    23     4     1
  576    36    19    20     2     2
  577   175    19    22     3     3
  578    95    19    20     1     2
  579   255    19    23     5     1
  580    15    19    22     5     1
  581    88    19    23     1     1
  582   275    19    23     4     1
  583   258    19    23     1     1
  584   202    19    24     5     2
  585   199    19    20     4     3
  586   177    19    20     3     3
  587    70    20    24     4     1
  588    67    20    25     4     2
  589    84    20    21     5     1
  590   276    20    23     5     3
  591    24    20    21     3     1
  592   143    20    22     2     1
  593   281    20    25     5     1
  594   258    20    24     5     2
  595   102    20    22     3     2
  596   254    20    24     3     2
  597   116    20    24     2     1
  598    11    20    24     5     2
  599    65    20    22     1     1
  600   232    20    23     1     2
  601   135    20    25     1     1
  602    77    20    25     5     3
  603    42    20    22     3     2
  604    60    20    24     1     1
  605   212    20    22     1     1
  606   112    20    21     3     1
  607    88    20    23     1     2
  608    50    20    21     4     2
  609   221    21    24     1     1
  610   148    21    24     4     1
  611   111    21    26     5     3
  612   230    21    22     5     1
  613    98    21    24     4     3
  614   285    21    23     2     1
  615   251    21    25     2     2
  616     2    21    24     5     2
  617   282    21    24     4     3
  618   119    21    25     3     1
  619    47    21    23     5     3
  620   108    21    23     3     1
  621   135    21    25     3     1
  622   195    21    26     5     1
  623   135    21    22     5     2
  624   134    21    26     3     1
  625   150    21    22     2     1
  626    36    21    26     3     1
  627     3    21    24     3     3
  628   211    21    25     1     2
  629   219    21    24     1     2
  630   210    21    23     5     1
  631   271    21    22     2     2
  632   257    21    24     5     3
  633   208    21    23     2     1
  634   116    21    22     3     2
  635   229    21    23     3     1
  636   111    21    22     5     3
  637     8    21    23     1     1
  638   236    21    24     4     1
  639   266    21    26     2     2
  640   172    21    25     5     2
  641     7    21    24     5     1
  642    22    21    26     3     1
  643    42    21    22     5     3
  644   289    22    27     5     2
  645   214    22    25     3     2
  646   171    22    26     2     2
  647   255    22    23     1     1
  648   156    22    27     4     2
  649   175    22    23     1     1
  650   241    22    25     5     3
  651    80    22    25     2     1
  652    89    22    24     3     2
  653   271    22    24     1     2
  654   283    22    26     4     2
  655     2    22    23     5     3
  656   229    22    23     3     3
  657   151    22    24     4     1
  658    22    22    27     4     2
  659    33    22    26     5     3
  660   175    22    24     5     1
  661   238    22    26     1     2
  662   154    22    25     1     2
  663   148    22    23     3     1
  664   261    22    25     1     1
  665    83    22    26     1     2
  666    81    22    26     5     2
  667   255    22    27     2     2
  668    23    22    23     1     2
  669   101    22    25     1     1
  670    47    22    27     2     2
  671    18    22    24     2     2
  672   148    22    26     5     2
  673   129    22    23     2     1
  674   251    23    25     2     1
  675   153    23    27     3     3
  676   207    23    27     2     1
  677     2    23    25     4     2
  678    56    23    28     3     1
  679   181    23    27     3     3
  680   239    23    24     1     1
  681   283    23    28     5     2
  682    19    23    25     2     2
  683   160    23    27     3     1
  684    93    23    25     3     1
  685   219    23    25     3     2
  686    24    23    25     4     1
  687   125    23    28     2     1
  688    91    23    24     4     1
  689   212    23    27     3     3
  690   179    23    24     1     1
  691   289    23    28     4     1
  692   169    23    26     3     2
  693    28    23    27     1     2
  694   220    23    25     3     2
  695   116    23    28     1     1
  696   286    23    25     4     1
  697   192    23    26     5     1
  698   152    23    25     4     1
  699    33    23    27     4     1
  700    97    23    28     4     1
  701    14    23    26     5     1
  702   240    23    24     1     1
  703   280    23    28     3     3
  704    22    23    27     3     1
  705    58    23    26     4     3
  706   242    24    26     4     3
  707    34    24    25     3     3
  708   184    24    25     4     3
  709   285    24    27     2     2
  710   211    24    28     5     1
  711    16    24    29     2     2
  712    19    24    26     5     1
  713   272    24    27     1     2
  714   143    24    27     3     3
  715   301    24    28     4     3
  716    43    24    25     4     2
  717    57    24    26     1     2
  718    37    24    25     3     2
  719   293    24    27     1     1
  720   291    24    27     1     2
  721   192    24    27     1     2
  722   116    24    27     4     2
  723   160    24    27     4     1
  724   182    24    26     4     1
  725   203    24    26     4     3
  726   165    25    27     5     1
  727   267    25    28     5     3
  728   141    25    27     2     2
  729    89    25    26     4     1
  730     8    25    26     5     3
  731    24    25    26     5     3
  732    78    25    26     4     2
  733   210    25    30     4     3
  734    49    25    27     4     3
  735   144    25    27     5     2
  736   237    25    26     4     3
  737   267    25    26     1     1
  738   249    25    29     5     1
  739   130    25    27     3     3
  740     2    25    30     2     1
  741    47    25    26     4     2
  742   270    25    30     2     1
  743   230    25    29     1     2
  744   226    25    27     4     1
  745   252    25    29     5     1
  746    41    25    30     1     2
  747   247    25    29     3     1
  748   193    25    26     5     1
  749   276    25    27     5     1
  750   113    25    28     5     3
  751   217    25    26     5     1
  752   260    25    26     5     3
  753   188    25    28     3     2
  754   163    25    27     5     2
  755   266    25    27     5     1
  756    19    25    28     4     1
  757    98    26    30     3     3
  758    19    26    28     5     3
  759   206    26    30     2     1
  760   205    26    28     4     3
  761   141    26    30     2     2
  762   181    26    30     1     1
  763   142    26    31     5     3
  764   233    26    29     5     1
  765   104    26    28     3     2
  766   186    26    30     2     2
  767    48    26    31     3     2
  768    92    26    28     5     2
  769   152    26    31     5     1
  770   268    26    31     3     2
  771    83    26    30     4     3
  772   138    26    28     2     2
  773    65    26    27     2     1
  774    52    26    27     3     3
  775   143    26    28     3     3
  776    95    26    31     4     1
  777   126    26    28     4     2
  778    64    26    29     2     2
  779   103    26    31     3     2
  780    13    26    30     5     1
  781    25    26    29     5     1
  782    17    26    31     3     3
  783   282    26    27     5     2
  784   192    26    28     5     3
  785   103    26    30     5     1
  786   159    26    30     5     3
  787   232    26    27     1     2
  788    76    26    30     3     1
  789   173    26    29     3     2
  790   231    26    31     5     2
  791   116    26    28     3     2
  792    71    26    30     4     3
  793   186    26    28     2     2
  794   132    26    29     2     1
  795   131    26    28     1     1
  796   218    26    27     4     3
  797   223    26    29     3     2
  798    34    27    29     4     2
  799   154    27    30     1     2
  800   203    27    28     5     1
  801   174    27    29     3     3
  802   272    27    32     5     3
  803   136    27    29     4     2
  804    30    27    31     4     1
  805   205    27    28     1     1
  806    47    27    31     2     1
  807   231    27    32     1     1
  808   277    27    31     4     3
  809   193    27    32     1     1
  810   189    27    30     1     2
  811   261    27    28     3     1
  812   171    27    29     5     2
  813   170    27    31     5     1
  814   178    27    30     4     1
  815   241    27    32     2     1
  816    23    27    28     2     1
  817   190    27    31     4     1
  818   136    27    29     1     2
  819   155    27    32     4     3
  820   267    27    29     4     3
  821    67    27    28     5     2
  822   285    27    30     1     1
  823    83    27    32     3     2
  824   260    27    30     4     2
  825   214    27    32     3     2
  826   268    27    32     5     2
  827   161    27    28     4     3
  828   136    27    29     4     2
  829    66    27    28     2     2
  830   258    27    30     5     3
  831   282    27    28     4     1
  832    58    27    30     5     3
  833   250    27    29     5     2
  834   187    27    29     3     2
  835   243    27    30     2     2
  836    15    27    29     5     1
  837   194    27    31     5     2
  838   110    27    28     1     1
  839   123    27    28     2     2
  840   146    27    29     3     3
  841    46    27    32     3     3
  842    70    27    28     2     2
  843   176    27    32     2     1
  844   277    28    29     5     3
  845   218    28    32     5     2
  846   237    28    33     3     2
  847   211    28    29     2     2
  848   249    28    32     3     2
  849   283    28    31     5     2
  850   182    28    31     3     3
  851   257    28    33     5     1
  852   219    28    29     1     2
  853   284    28    31     1     2
  854   265    28    33     5     3
  855   166    28    30     3     2
  856   279    28    31     5     2
  857   156    28    29     1     2
  858   101    28    32     3     3
  859   180    28    30     4     2
  860   242    28    30     1     2
  861   261    28    29     2     1
  862   106    28    33     2     1
  863   194    28    29     5     3
  864   107    28    33     5     3
  865   265    28    30     4     2
  866    53    28    30     1     2
  867    76    28    33     3     2
  868    39    28    30     4     2
  869   113    28    29     2     2
  870   253    28    32     2     2
  871    96    28    33     2     2
  872   185    29    30     1     1
  873   266    29    33     3     2
  874   242    29    32     1     2
  875    58    29    34     1     1
  876   301    29    33     2     2
  877   267    29    33     1     1
  878   155    29    30     5     3
  879    21    29    30     1     2
  880   259    29    34     2     2
  881    39    29    32     3     2
  882   279    29    30     5     1
  883   297    29    33     3     2
  884    99    29    30     1     2
  885   278    29    32     1     2
  886    90    29    32     1     1
  887     5    29    32     2     1
  888    67    29    34     3     3
  889    48    29    31     3     1
  890   258    29    34     5     3
  891    52    29    31     2     1
  892   254    29    31     3     2
  893   264    29    33     3     3
  894   128    29    34     5     3
  895   235    29    31     4     1
  896   127    29    34     1     1
  897    40    29    33     2     2
  898    83    29    32     1     1
  899   118    29    32     1     1
  900    30    29    32     3     3

TECHNICIANS = 75
    1   302   790    10  0 1 1 1 0
    2   106   605    10  0 0 0 0 1
    3   132   335     8  0 1 1 0 1
    4    79   435     9  1 1 0 0 0
    5    74   370     8  0 1 0 0 0
    6   242   875     9  1 0 0 0 0
    7    76   290     5  0 1 0 1 1
    8   175   730    10  1 0 1 0 1
    9    29   570     8  0 1 0 0 0
   10     1   425     7  0 1 0 0 1
   11   285   195     7  1 1 1 0 0
   12   108   540     5  1 0 0 1 1
   13    46   550    10  0 1 1 0 0
   14     1   575     9  0 1 0 0 0
   15     1   210     9  0 0 0 1 1
   16   303    85     8  0 1 0 0 0
   17    30   120     5  1 0 0 0 0
   18   298   185     5  0 1 0 0 0
   19   153   945     6  0 0 1 0 0
   20    27   190    10  0 0 0 1 0
   21   304   770     5  0 1 1 0 1
   22   305   355     5  1 0 0 1 0
   23    48   975    10  0 0 0 0 1
   24   116   650     6  1 0 0 0 0
   25   153   330    10  1 1 0 0 1
   26   115   195     8  0 0 0 1 0
   27     1   695     6  0 0 1 0 0
   28     1   195     6  1 0 0 0 0
   29   306   270     9  0 1 1 1 0
   30     1   150     6  1 0 0 0 0
   31   156   120     9  0 0 1 0 0
   32   105   670     7  0 0 1 1 1
   33    99   855     7  0 1 0 1 1
   34   161   695    10  1 0 1 1 0
   35   272   110     6  0 0 0 1 1
   36   146   490     6  0 0 0 1 0
   37    56   400     8  0 1 1 0 1
   38   105   200     9  0 0 0 1 0
   39    45   390     5  0 1 0 0 1
   40   159   840     7  0 1 0 1 1
   41   307   185    10  1 1 1 0 0
   42    36   930     9  1 1 0 1 0
   43   233   450     8  1 0 0 1 0
   44   202   160     8  0 0 1 1 1
   45    21   665     6  1 0 0 0 0
   46   308   260     8  1 1 1 0 0
   47   244   605     5  1 1 0 0 0
   48   199   890    10  0 1 1 0 1
   49     1   540     5  0 1 1 0 0
   50   309   430     6  1 0 1 1 0
   51    33   630     8  0 0 0 0 1
   52     1   560     7  1 1 1 0 0
   53    20   485     5  0 0 1 0 0
   54   248   745     7  1 0 0 0 0
   55   310   830     9  0 0 1 1 0
   56   108   245     9  1 0 0 0 1
   57     1   300    10  0 1 0 0 1
   58    76   240     7  0 1 0 1 1
   59   267   340     9  0 1 0 0 0
   60   311   990    10  0 0 1 0 0
   61     1   680     6  0 1 0 0 0
   62     1   585     7  0 0 0 1 0
   63     9   925     6  0 1 1 1 0
   64   312   810    10  0 0 1 1 0
   65     1   335    10  1 1 1 0 0
   66   210   635     6  1 0 1 0 0
   67   188   345     6  1 1 0 0 1
   68   237   930     9  0 0 1 0 1
   69   313   735     9  1 0 0 0 0
   70   272   890     6  0 1 0 1 0
   71     1   220     5  0 0 1 1 1
   72   297   250     9  0 0 1 0 1
   73   226   940     8  0 1 0 1 0
   74   112   745     9  1 1 0 0 0
   75   227   585     9  0 1 0 1 0

