DATASET = ORTEC Hidden VeRoLog 2019
NAME = Instance 25

DAYS = 55
TRUCK_CAPACITY = 18
TRUCK_MAX_DISTANCE = 1160

TRUCK_DISTANCE_COST = 100
TRUCK_DAY_COST = 10000
TRUCK_COST = 10000
TECHNICIAN_DISTANCE_COST = 100000
TECHNICIAN_DAY_COST = 10000
TECHNICIAN_COST = 100000

MACHINES = 7
    1     8   965
    2     6   865
    3     4   665
    4     8   660
    5     3   585
    6     6   480
    7     7   750

LOCATIONS = 68
    1   531   352
    2   226   405
    3   538   361
    4   451   712
    5   471   377
    6   312   471
    7   544   467
    8   495   572
    9   466   201
   10   327   307
   11   313   251
   12   551   707
   13   272   369
   14   182   333
   15   662   698
   16   256   307
   17   366   562
   18   689   772
   19   350   570
   20   411   185
   21   666   720
   22   326   507
   23   686   518
   24   731   581
   25   225   345
   26   674   720
   27   676   554
   28   342   530
   29   697   353
   30   173   360
   31   500   473
   32   293   309
   33   707   451
   34   354   576
   35   259   486
   36   165   369
   37   721   422
   38   159   313
   39   263   479
   40   290   440
   41   385   465
   42   278   313
   43   489   610
   44   291   583
   45   223   335
   46   453   365
   47   627   328
   48   717   439
   49   531   731
   50   477   368
   51   281   246
   52   378   238
   53   556   683
   54   366   427
   55   285   553
   56   360   296
   57   501   669
   58   415   413
   59   375   431
   60   372   433
   61   180   322
   62   262   237
   63   376   468
   64   290   363
   65   334   454
   66   550   114
   67   289   546
   68   625   771

REQUESTS = 150
    1    36     1     4     4     2
    2    23     1     3     7     2
    3    38     1     2     5     2
    4    30     2     3     4     2
    5    12     2     6     5     3
    6     2     2     7     7     2
    7    28     2     4     5     3
    8    30     2     7     4     1
    9    11     2     4     5     2
   10    10     3     6     5     2
   11    15     4     7     4     1
   12     6     4     9     7     2
   13    10     5     6     1     2
   14     3     5    10     2     2
   15    17     6     8     4     2
   16    44     7     8     5     3
   17     4     8    10     6     2
   18    27     8    10     4     2
   19    48     8    11     6     2
   20     3     8    10     7     2
   21    23     8    12     7     1
   22    27     9    14     1     2
   23    17     9    12     4     1
   24    21     9    11     1     1
   25    43     9    12     1     1
   26     3     9    13     5     2
   27    32    10    15     7     2
   28    41    10    14     5     3
   29    37    11    16     5     3
   30    25    11    12     5     2
   31    37    11    13     2     2
   32    50    11    14     4     2
   33    10    11    13     5     1
   34    28    11    12     7     1
   35    31    12    15     2     3
   36    10    12    16     2     3
   37    24    12    13     2     2
   38    23    13    15     6     3
   39    39    14    19     2     1
   40     9    15    20     3     1
   41    25    15    16     7     2
   42    16    15    16     3     2
   43    15    16    18     6     3
   44     3    16    19     7     2
   45    44    16    17     1     2
   46    36    16    21     3     2
   47    44    17    18     2     1
   48     6    18    23     3     1
   49    25    18    20     5     1
   50    48    19    24     3     2
   51    15    19    23     7     2
   52    33    20    23     5     1
   53     6    20    21     3     1
   54     9    20    24     7     2
   55    43    20    24     3     2
   56    16    21    22     6     1
   57    28    21    23     6     1
   58    37    22    25     1     1
   59     5    22    27     2     1
   60    42    22    24     3     3
   61     6    22    24     4     1
   62    30    23    25     2     2
   63    30    24    28     5     1
   64    35    25    30     5     2
   65    20    26    27     6     3
   66    31    26    27     1     1
   67    49    26    30     2     2
   68    39    26    30     4     1
   69    16    26    31     6     2
   70    41    26    30     6     1
   71    46    27    31     6     2
   72    38    27    29     3     2
   73    31    27    28     1     2
   74    26    27    29     3     2
   75     2    27    31     1     2
   76    47    27    28     1     1
   77    18    28    30     3     2
   78    21    28    29     7     2
   79    32    29    31     6     3
   80     2    29    33     4     2
   81    22    29    33     3     3
   82    47    29    32     3     2
   83    38    29    34     3     2
   84     7    29    33     5     2
   85    39    29    33     5     3
   86    49    30    33     5     1
   87    33    30    33     2     3
   88    49    30    32     4     2
   89    48    30    35     3     3
   90    44    30    33     2     3
   91    32    31    32     4     1
   92     2    31    36     5     2
   93    50    31    35     4     2
   94    17    31    36     2     2
   95    43    32    35     6     3
   96    11    32    37     2     2
   97    20    33    37     7     1
   98     3    33    34     1     1
   99     9    34    35     1     2
  100    51    34    35     1     2
  101    36    34    37     3     3
  102    36    34    37     3     3
  103    39    35    37     1     1
  104    37    35    40     3     3
  105    23    35    39     7     2
  106    17    35    38     7     2
  107    25    36    41     2     1
  108    38    36    41     7     2
  109    29    36    38     5     3
  110    43    36    41     7     1
  111    26    37    42     7     2
  112    47    38    41     4     2
  113    31    38    43     5     1
  114     6    38    42     1     2
  115    47    38    40     2     3
  116    15    38    41     1     2
  117    50    39    43     5     1
  118    39    39    44     4     2
  119     2    40    41     7     2
  120    10    40    44     2     1
  121    27    40    41     6     1
  122    33    40    45     7     2
  123    29    40    41     6     2
  124    23    41    42     3     2
  125    25    41    43     3     3
  126    30    41    43     7     2
  127    23    42    45     6     2
  128    24    42    46     4     1
  129    29    42    43     4     1
  130    30    42    44     6     1
  131    26    43    45     7     2
  132    38    43    45     1     1
  133    27    43    48     5     2
  134    28    43    48     3     3
  135    36    43    47     7     2
  136    51    44    48     2     1
  137    22    45    49     4     1
  138    46    45    49     6     3
  139    34    45    48     4     2
  140    34    45    49     4     1
  141    16    46    51     1     2
  142    50    46    49     1     2
  143    14    48    50     7     1
  144    13    48    53     3     1
  145     8    48    49     2     2
  146    12    48    50     6     3
  147    36    49    50     3     1
  148    34    49    53     3     3
  149    46    49    50     1     2
  150    42    49    52     3     1

TECHNICIANS = 125
    1    22   170     9  0 1 0 0 0 1 0
    2    36   140     7  0 0 0 1 0 0 0
    3    43   280    10  0 0 0 1 0 1 1
    4     1   200     9  0 0 1 0 0 1 0
    5     1   875     8  0 1 0 1 0 1 0
    6    10   220     6  0 0 0 1 1 0 0
    7    20   705     7  0 0 0 0 0 0 1
    8     3   740     6  0 1 0 0 0 0 0
    9    45   380    10  0 0 0 0 0 0 1
   10    50   510     9  0 0 1 1 0 0 0
   11    38   600     7  0 1 0 0 0 0 0
   12    24   155     9  1 0 1 0 0 1 0
   13     1   720     5  0 0 0 0 0 1 0
   14    32   930     7  1 0 0 0 0 0 0
   15    31   230     5  0 1 1 0 0 0 1
   16     1   890     6  1 0 0 1 1 0 0
   17    21   135    10  1 0 0 0 1 0 0
   18    40   430     5  0 0 0 0 1 0 1
   19     1   790     7  0 0 0 0 0 0 1
   20    15   760     6  0 0 0 1 0 0 1
   21     6   965     8  0 1 1 0 0 0 0
   22     7   965    10  1 0 0 0 0 0 0
   23    33   230     6  0 1 1 0 0 0 0
   24     1   340     8  1 0 0 0 0 0 0
   25     1   690     9  0 0 0 0 0 1 0
   26     3   700     9  0 1 0 0 1 0 1
   27    20   435     6  1 0 0 1 0 0 0
   28    20   625     6  0 1 0 0 0 1 0
   29    21   995    10  0 1 0 1 0 0 0
   30    38   275     9  0 0 0 1 1 0 0
   31    52   290     6  0 0 0 1 1 0 1
   32    13   670     8  1 0 1 0 0 0 0
   33     6   395     9  0 0 0 0 1 0 0
   34    35   820     7  0 0 0 1 0 0 0
   35    17   120     8  0 0 0 1 0 0 0
   36    10   700     7  1 0 0 0 0 1 1
   37    28   550    10  0 0 0 1 1 0 1
   38     1   640     9  0 0 1 0 1 0 1
   39     1   670     6  1 0 1 0 0 0 1
   40    47   170     8  0 0 0 0 0 0 1
   41    53   250     6  0 0 1 0 0 0 1
   42     2   390     6  0 1 0 1 0 0 0
   43     1   725     9  0 0 1 1 0 1 0
   44    18   440     8  0 0 1 0 0 1 0
   45    20   245     9  1 0 0 0 0 0 0
   46    54   835     7  0 1 0 0 1 0 0
   47    21   805    10  1 0 0 0 0 0 0
   48     3   355     8  0 0 1 0 0 1 0
   49    55   305     9  0 0 0 0 1 0 1
   50    16   515     6  0 1 0 1 1 0 0
   51    56   845     6  0 0 0 0 0 1 0
   52    26   415     5  1 0 1 0 1 0 0
   53    36   285    10  0 0 0 0 1 0 0
   54     6   990     6  0 0 0 0 1 0 0
   55    45   980     5  1 0 0 0 0 0 0
   56    27   180     8  1 0 0 1 0 1 0
   57    57   905     8  1 0 0 0 1 1 0
   58     1   115     5  0 1 0 0 0 0 0
   59    44   545     7  1 1 0 1 0 0 0
   60    37   590     8  0 1 1 0 1 0 0
   61    46   940     9  1 0 0 0 1 0 1
   62    58   395    10  0 0 1 0 0 0 0
   63    44   630     6  0 1 1 0 0 0 0
   64    16   840     7  0 1 1 0 0 1 0
   65    22   880     5  0 0 1 0 0 0 0
   66     1   595     8  0 0 1 1 0 0 1
   67     1   105     7  0 0 0 0 0 1 0
   68    46   590     7  0 0 0 0 0 1 1
   69     1   200    10  0 0 0 1 0 0 0
   70    11   470     8  1 0 0 1 0 0 0
   71    14   880     7  1 0 0 0 0 0 0
   72    42   755     5  1 0 1 1 0 0 0
   73     1   810     5  0 1 0 0 1 1 0
   74     1   215     6  0 0 0 0 1 1 0
   75    12   760     7  0 0 0 1 1 0 1
   76    59   825     8  0 0 0 0 0 0 1
   77     3   365     9  0 1 0 1 0 0 0
   78    26   995    10  0 1 0 0 0 0 0
   79    10   690    10  0 0 0 0 1 0 0
   80    34   910     8  0 0 0 1 0 1 1
   81    10   840     5  0 0 0 0 0 0 1
   82     1   885     8  0 1 0 0 0 1 0
   83     1   885     6  0 1 1 0 1 0 0
   84    34   510     5  1 1 0 1 0 0 0
   85    30   430     5  1 0 1 0 0 1 0
   86    13   150     8  0 0 0 0 1 0 0
   87     1   640     8  0 0 0 0 0 1 0
   88     1   230     5  0 1 0 0 0 0 1
   89    25   885     9  1 0 0 0 0 0 0
   90     8   830     7  0 0 1 0 1 0 1
   91    10   415     6  0 1 0 0 0 0 0
   92    37   355     5  0 0 1 0 0 0 0
   93     1   705     9  0 0 0 0 1 0 1
   94    60   300     7  0 0 1 0 0 0 1
   95     1   290    10  0 1 0 0 0 0 0
   96     1   885     6  0 0 1 0 0 0 1
   97     1   175     9  1 1 0 0 1 0 0
   98    17   845     5  0 0 0 0 1 0 0
   99    61   735     9  1 0 1 0 0 1 0
  100     1   825     6  1 0 0 1 0 0 1
  101    37   655     6  0 0 0 1 0 1 0
  102     1   640     5  0 0 1 0 0 0 0
  103    62   125     6  0 0 0 0 1 1 0
  104    18   655     9  1 0 0 0 0 0 0
  105     1   295    10  0 1 0 0 1 0 0
  106    63   115    10  0 1 0 0 0 0 0
  107    64   205     7  0 1 0 0 0 0 0
  108     7   745     7  0 0 0 0 1 0 0
  109    40   835     5  0 1 0 0 1 0 1
  110    65   150     6  1 1 0 1 0 0 0
  111    41   500    10  0 0 0 1 0 0 1
  112     1   860     7  0 0 0 1 0 1 0
  113    50   560     7  1 0 1 1 0 0 0
  114     1   730     7  0 0 0 0 1 0 0
  115     1   795     6  1 0 0 0 0 0 1
  116    66   645     8  0 0 1 0 0 0 0
  117    12   380     8  1 0 0 1 0 0 0
  118    27   500     8  0 1 0 0 0 1 1
  119     7   725     6  1 0 0 0 0 0 0
  120    38   175    10  1 0 0 0 0 0 1
  121    67   185     9  0 0 0 1 0 1 0
  122    68   515     8  1 1 0 0 0 0 1
  123    10   540     8  1 0 0 0 0 1 1
  124     1   150    10  1 0 1 0 0 0 0
  125    31   475     9  0 1 0 1 0 1 0

