DATASET = ORTEC Small VeRoLog 2019
NAME = Instance 9

DAYS = 4
TRUCK_CAPACITY = 18
TRUCK_MAX_DISTANCE = 970

TRUCK_DISTANCE_COST = 10
TRUCK_DAY_COST = 100
TRUCK_COST = 100000
TECHNICIAN_DISTANCE_COST = 1000
TECHNICIAN_DAY_COST = 100
TECHNICIAN_COST = 10000

MACHINES = 6
    1     5   415
    2     5   950
    3     7    20
    4     6   720
    5     6   955
    6     6   410

LOCATIONS = 8
    1   544    36
    2   292   441
    3   508   124
    4   620   342
    5   448   289
    6   453   385
    7   334   315
    8   195   313

REQUESTS = 10
    1     6     1     2     3     1
    2     4     1     3     4     2
    3     2     1     2     4     1
    4     2     1     2     6     2
    5     6     1     3     2     2
    6     3     1     3     1     2
    7     6     1     2     4     2
    8     6     1     3     6     3
    9     3     1     3     1     2
   10     6     1     3     2     1

TECHNICIANS = 20
    1     3   535     9  0 1 1 0 0 0
    2     5   260     6  1 0 1 0 0 0
    3     5   485     9  0 0 1 0 1 1
    4     1   685     7  0 0 1 0 0 1
    5     7   450     8  1 1 0 0 0 1
    6     3   275     6  0 1 0 0 0 0
    7     8   730    10  1 1 0 0 1 0
    8     5   805     8  1 0 0 0 0 0
    9     4   300    10  1 0 0 1 0 1
   10     3   415    10  0 0 0 1 0 1
   11     5   130     5  0 0 1 1 0 1
   12     4   345     5  0 0 1 1 0 1
   13     5   280     5  1 0 0 0 0 0
   14     5   685     8  0 0 0 0 1 0
   15     3   520     8  1 0 1 1 0 0
   16     5   980     5  1 0 0 0 0 0
   17     4   355     5  0 0 1 1 0 0
   18     1   390     9  0 1 0 0 0 1
   19     2   900     9  0 0 0 1 0 0
   20     3   845     5  1 0 0 0 0 1

