DATASET = ORTEC Early VeRoLog 2019
NAME = Instance 7

DAYS = 25
TRUCK_CAPACITY = 18
TRUCK_MAX_DISTANCE = 1095

TRUCK_DISTANCE_COST = 1000
TRUCK_DAY_COST = 100
TRUCK_COST = 10000
TECHNICIAN_DISTANCE_COST = 100
TECHNICIAN_DAY_COST = 10
TECHNICIAN_COST = 100

MACHINES = 4
    1     4   360
    2     3   100
    3     5   670
    4     7   490

LOCATIONS = 55
    1   334   536
    2   520    24
    3   541   360
    4   360   554
    5   246   337
    6   295   502
    7   287   258
    8   450   371
    9   281   526
   10   214   339
   11   535   262
   12   411   407
   13   565   693
   14   283   550
   15   757   618
   16   297   573
   17   573   166
   18   179   376
   19   421   628
   20   355   231
   21   171   359
   22   297   497
   23   355   436
   24   486   522
   25   275   301
   26   225   361
   27   177   227
   28   330   517
   29   517   311
   30   592   776
   31   201   269
   32   356   372
   33   311   491
   34   375   306
   35   486    21
   36   756   468
   37    49   210
   38   111   164
   39   239   473
   40   372   431
   41   473   626
   42   620   533
   43   540   424
   44   288   598
   45    98   270
   46   326   262
   47   752   577
   48   509    92
   49   503   716
   50   288   311
   51   550   425
   52   333   414
   53   772   619
   54   303   311
   55   201   269

REQUESTS = 150
    1    45     1     4     1     3
    2    44     1     5     1     2
    3    43     1     5     2     2
    4    39     1     5     2     1
    5    20     1     2     1     2
    6     4     1     6     3     3
    7    37     1     2     4     1
    8    29     1     4     3     1
    9    28     1     4     3     1
   10    13     1     6     4     2
   11    20     2     3     3     2
   12    16     2     3     4     2
   13    26     2     4     4     1
   14     2     2     3     1     1
   15    31     2     3     4     1
   16    45     2     3     3     1
   17    11     2     6     4     1
   18    29     2     5     2     3
   19     8     2     4     1     2
   20    48     2     7     1     3
   21    16     3     4     1     3
   22     5     3     5     3     3
   23     7     3     4     1     1
   24    28     3     8     1     2
   25    38     3     7     1     2
   26    17     3     5     2     1
   27    23     3     6     3     3
   28    47     4     8     4     2
   29    38     4     9     1     2
   30     2     4     7     3     3
   31    35     4     5     2     3
   32    20     4     9     2     3
   33    13     4     5     2     3
   34    42     4     6     4     1
   35    45     4     7     4     2
   36    21     4     5     3     1
   37    17     5     8     3     3
   38    27     5    10     4     2
   39    40     5     7     2     1
   40     8     5    10     3     2
   41     5     5    10     2     3
   42    10     5    10     2     2
   43    15     5     9     2     1
   44    44     5     7     2     1
   45    22     5     8     4     1
   46    18     5    10     4     1
   47    45     6     9     4     2
   48     3     6     9     1     1
   49    29     6     9     4     1
   50    41     6    10     4     1
   51    23     6     9     1     3
   52    23     6     7     3     1
   53    39     6     9     1     2
   54    34     7    10     1     3
   55    21     7    11     4     2
   56    27     7    12     1     3
   57     7     7    10     1     3
   58    49     7     8     4     2
   59    44     7    11     3     3
   60    29     7    12     3     2
   61     4     7     9     2     3
   62    41     8     9     3     3
   63    18     8    10     4     2
   64    51     8    12     1     1
   65     6     8    13     3     1
   66     4     8    13     2     2
   67    28     8     9     2     2
   68    40     8    13     4     1
   69    12     9    11     4     2
   70    50     9    14     1     2
   71    12     9    13     1     1
   72    10     9    10     2     1
   73     9     9    10     3     2
   74    35     9    12     3     3
   75    24     9    12     1     2
   76    12    10    15     2     3
   77     9    10    11     3     2
   78     9    10    12     4     1
   79    15    10    13     4     2
   80    23    10    14     2     2
   81    22    10    14     2     3
   82    43    11    12     2     2
   83    45    11    13     2     2
   84    10    11    16     1     2
   85    25    11    15     3     3
   86     4    11    13     2     2
   87     7    11    13     1     3
   88    27    11    13     4     1
   89    38    11    15     3     1
   90     2    11    13     4     1
   91    46    11    12     4     1
   92    15    12    13     2     3
   93     6    12    17     1     2
   94    44    12    13     3     2
   95    37    12    13     1     1
   96    26    12    17     2     3
   97    32    12    14     3     1
   98    23    12    15     2     1
   99    25    12    14     2     2
  100    39    12    14     1     1
  101    30    12    14     1     2
  102    43    12    15     4     1
  103    44    13    16     3     3
  104    11    14    18     2     2
  105    31    14    19     4     1
  106    11    14    18     3     2
  107    35    14    16     2     2
  108    41    14    18     2     1
  109     7    14    16     4     2
  110    26    14    17     2     3
  111    18    14    19     4     1
  112    20    15    19     2     3
  113    29    15    17     1     2
  114    34    15    19     3     1
  115    33    15    18     2     2
  116    51    15    20     2     3
  117    20    15    19     2     2
  118    37    15    16     2     1
  119     2    15    16     2     2
  120    16    16    20     4     2
  121    51    16    21     4     1
  122    18    16    19     1     2
  123    18    16    17     1     3
  124    27    16    18     1     3
  125    47    16    21     2     1
  126    20    16    19     4     2
  127    33    17    19     2     3
  128    20    17    18     4     2
  129    30    17    22     4     1
  130    25    17    21     4     1
  131    30    17    19     1     3
  132     6    17    22     2     3
  133    50    18    23     1     2
  134    43    18    22     1     3
  135    50    18    23     3     2
  136    23    18    19     2     3
  137    49    18    23     4     2
  138    44    18    21     4     1
  139    30    18    21     1     2
  140    17    19    21     2     1
  141    29    19    23     4     2
  142    24    19    21     4     2
  143    33    19    24     2     3
  144    11    19    20     3     1
  145    50    19    22     4     1
  146    47    19    22     2     1
  147     7    19    21     3     1
  148    25    19    23     2     1
  149    46    19    20     1     1
  150    27    19    24     4     2

TECHNICIANS = 50
    1    16   500     6  0 0 0 1
    2    52   665     7  1 0 1 1
    3    27   510     8  0 1 1 0
    4    12   590     9  0 0 0 1
    5    33   390    10  0 0 0 1
    6    17   305     5  0 0 0 1
    7    50   285     8  1 0 0 1
    8    16   535    10  1 1 0 1
    9    48   140     8  1 0 0 0
   10    20   155     6  0 1 1 1
   11     1   880     7  0 1 0 0
   12     1   860     8  0 1 0 0
   13    53   810     8  1 0 1 1
   14    54   550    10  0 0 0 1
   15    14   705     9  0 0 0 1
   16    26   875     5  1 0 1 1
   17     3   125     7  0 0 1 1
   18     1   210     7  1 1 0 1
   19     3   205     6  1 0 1 1
   20    36   290    10  1 0 0 1
   21    37   615     9  0 0 0 1
   22     3   690     7  0 0 1 1
   23     4   380     8  0 1 0 1
   24    18   425    10  1 1 0 1
   25    37   120    10  0 1 0 0
   26     1   450     7  1 1 1 0
   27    50   200     9  1 0 0 0
   28     6   525     8  0 1 0 0
   29     6   315     5  0 0 1 1
   30    32   770     8  0 1 0 0
   31    28   905     6  1 1 1 0
   32     1   350     6  1 1 1 0
   33    18   845    10  0 1 1 0
   34     1   835     8  0 0 0 1
   35    44   630     5  1 0 1 1
   36    55   545     8  0 1 0 1
   37    35   185    10  0 0 0 1
   38     1   110     6  0 1 1 0
   39     1   745     6  1 0 0 0
   40    27   855     9  0 0 1 0
   41    38   405     8  0 1 1 0
   42    16   425     6  0 0 1 0
   43     1   635    10  1 0 0 1
   44    14   530     8  0 1 1 0
   45    48   820     9  0 0 1 1
   46    20   955     9  1 0 0 0
   47    19   505     7  1 1 0 1
   48    50   320     6  1 0 1 1
   49     5   720     6  0 0 0 1
   50    27  1000     8  0 0 1 0

