DATASET = ORTEC Small VeRoLog 2019
NAME = Instance 20

DAYS = 7
TRUCK_CAPACITY = 18
TRUCK_MAX_DISTANCE = 2000

TRUCK_DISTANCE_COST = 1000
TRUCK_DAY_COST = 100
TRUCK_COST = 10000
TECHNICIAN_DISTANCE_COST = 100
TECHNICIAN_DAY_COST = 10000
TECHNICIAN_COST = 100000

MACHINES = 7
    1     3   477
    2     8   615
    3     5   857
    4     4   488
    5     4   100
    6     7   159
    7     5   428

LOCATIONS = 9
    1   399   271
    2   507   334
    3   460   441
    4   609   423
    5   242   375
    6   735   592
    7   648   661
    8   519    67
    9   510    15

REQUESTS = 8
    1     2     1     2     3     2
    2     3     1     3     6     1
    3     3     1     2     1     2
    4     2     1     3     4     1
    5     3     3     5     6     1
    6     2     4     6     6     1
    7     3     4     6     2     1
    8     2     4     6     2     2

TECHNICIANS = 25
    1     3   653     9  0 1 1 0 1 0 0
    2     1   449     9  0 1 0 1 0 0 1
    3     2   289     7  1 1 1 0 0 0 0
    4     2   365     5  0 1 0 0 0 0 0
    5     2   886     5  0 0 1 1 1 0 0
    6     4   570     6  0 0 1 0 0 0 0
    7     3   644    10  0 0 0 0 1 0 0
    8     1   695     9  0 0 1 1 0 0 1
    9     6   128    10  0 0 1 0 0 0 0
   10     4   691    10  0 1 0 1 1 0 0
   11     4   716     9  0 1 1 0 1 0 0
   12     4   135     9  0 0 0 0 0 0 1
   13     3   634     6  0 0 0 1 0 1 0
   14     4   412     5  1 1 1 0 0 0 0
   15     3   662     7  0 0 0 0 0 1 0
   16     2   583     8  0 1 0 0 0 0 0
   17     2   696     6  0 1 0 0 0 0 1
   18     7   574     8  0 1 0 0 0 0 1
   19     3   254     5  0 0 0 1 0 0 0
   20     8   262     6  0 1 0 0 0 0 1
   21     2   929    10  1 0 0 1 1 0 0
   22     2   532     6  0 0 0 1 0 0 0
   23     3   666     9  1 1 0 0 0 0 1
   24     3   519     9  0 0 0 1 0 0 1
   25     9   718     9  1 0 0 0 0 1 1

