DATASET = ORTEC Hidden VeRoLog 2019
NAME = Instance 11

DAYS = 15
TRUCK_CAPACITY = 18
TRUCK_MAX_DISTANCE = 2000

TRUCK_DISTANCE_COST = 10000
TRUCK_DAY_COST = 10000
TRUCK_COST = 10
TECHNICIAN_DISTANCE_COST = 100000
TECHNICIAN_DAY_COST = 100
TECHNICIAN_COST = 10

MACHINES = 3
    1     3    35
    2     8   555
    3     8   277

LOCATIONS = 254
    1   355   373
    2   162   357
    3   209   338
    4   246   305
    5   450   295
    6   743   598
    7   184   380
    8   384   583
    9   515   494
   10   225   340
   11   242   409
   12   322   238
   13   730   687
   14   245   318
   15   551   347
   16   659   564
   17   314   310
   18   740   659
   19   585   404
   20   272   314
   21   510    82
   22   534   424
   23   238   242
   24   552   330
   25    97   244
   26   252   495
   27   482    31
   28   265   476
   29   620   341
   30   317   486
   31   236   326
   32   312   472
   33   452   364
   34   598   399
   35   414   220
   36   184   382
   37   636   695
   38   383   348
   39   375   395
   40   484   660
   41    42   205
   42   229   375
   43   548   724
   44   389   472
   45   142   267
   46   186   383
   47   263   315
   48   146   320
   49   670   620
   50   519   239
   51   307   580
   52   263   292
   53   231   380
   54   376   238
   55   451   205
   56   713   651
   57   327   464
   58   679   698
   59   508   201
   60   523   289
   61   522    45
   62   434   285
   63   259   544
   64   311   463
   65   325   511
   66   576   711
   67   182   376
   68   302   559
   69   661   513
   70   390   443
   71   583   179
   72   216   338
   73   310   446
   74   614   394
   75   237   412
   76   262   493
   77   698   408
   78   532   224
   79   229   382
   80   443   196
   81   373   372
   82   769   707
   83   297   672
   84   665   723
   85   476   209
   86   631   732
   87   413   256
   88   363   382
   89   518   271
   90   204   324
   91   471   342
   92   394   569
   93   523   164
   94   251   400
   95   538   186
   96   663   547
   97   186   222
   98   367   395
   99   480   745
  100   565   343
  101   183   380
  102   674   376
  103   477   666
  104   367   274
  105   550    30
  106   313   466
  107   533    34
  108   337   313
  109   495   576
  110   260   439
  111   389   347
  112   436   512
  113   522   350
  114   352   512
  115   267   476
  116   282   548
  117   540   418
  118   324   469
  119   313   460
  120   375   431
  121   361   589
  122   544   144
  123   436   169
  124   190   383
  125   265   469
  126   429   368
  127    46   207
  128   298   453
  129   622   392
  130   203   323
  131   345   301
  132   546   715
  133   356   559
  134   358   387
  135   426   400
  136   665   497
  137   538   591
  138   270   358
  139   535   263
  140   388   445
  141   270   524
  142   200   361
  143   673   343
  144   462   402
  145   563   693
  146   418   410
  147   500   392
  148   625   328
  149   265   454
  150   545    36
  151   229   372
  152   560   720
  153   159   314
  154   242   342
  155   202   315
  156   509    36
  157   579   730
  158   662   657
  159   697   353
  160   583   177
  161   555   405
  162   250   340
  163   349   580
  164   302   248
  165   240   324
  166   268   524
  167   378   271
  168   388   389
  169   158   355
  170   272   539
  171   288   237
  172   382   401
  173   196   321
  174   448   371
  175   434   415
  176   274   396
  177   338   339
  178   268   533
  179   219   308
  180   448   371
  181   271   526
  182   390   475
  183   581   711
  184   374   434
  185   730   689
  186   524   752
  187   594   411
  188   312   331
  189   318   468
  190   586   334
  191   329   315
  192   397   258
  193   658   716
  194   485   203
  195   363   387
  196   408   274
  197   511   359
  198   413   405
  199   595   385
  200   187   223
  201   665   727
  202   523   735
  203   540   325
  204   680   761
  205   260   437
  206   459   350
  207   521    99
  208   198   310
  209   241   473
  210   566   377
  211   600   680
  212   466   262
  213   256   308
  214   406   269
  215   686   683
  216   169   312
  217   230   330
  218   231   351
  219   289   510
  220   515   341
  221   534   291
  222   323   478
  223   487   307
  224   667   448
  225   350   509
  226   299   523
  227   224   431
  228   538   431
  229   396   572
  230   395   571
  231   181   371
  232   596   589
  233   401   274
  234   653   657
  235   232   329
  236   562   490
  237   344   241
  238   561    30
  239   709   442
  240   386   474
  241   291   309
  242   374   430
  243   432   651
  244   184   373
  245   391   305
  246   718   446
  247   689   690
  248   455   291
  249   253   498
  250   256   308
  251   655   657
  252   365   396
  253   214   346
  254   329   252

REQUESTS = 750
    1    80     1     3     3     2
    2   105     1     3     3     2
    3    66     1     4     1     2
    4    80     1     5     1     1
    5    22     1     4     2     1
    6    36     1     5     1     2
    7    50     1     5     1     1
    8   203     1     4     2     2
    9    67     1     4     1     1
   10    75     1     5     2     1
   11    24     1     6     1     2
   12   152     1     5     3     1
   13    33     1     6     1     3
   14   186     1     6     3     1
   15   251     1     3     1     2
   16   185     1     6     3     2
   17   202     1     5     3     2
   18   246     1     3     3     2
   19   245     1     5     1     3
   20    77     1     4     2     1
   21   240     1     6     1     1
   22   165     1     3     3     1
   23   225     1     6     1     1
   24    96     1     5     1     3
   25    45     1     4     2     2
   26   114     1     2     2     2
   27    92     1     5     3     1
   28    63     1     4     1     2
   29    59     1     2     1     2
   30   157     1     2     1     2
   31    55     1     4     2     1
   32   170     1     4     3     2
   33   187     1     3     1     1
   34   187     1     5     3     2
   35   134     1     5     3     1
   36    71     1     4     1     2
   37    24     1     4     2     2
   38   116     1     3     3     1
   39   229     1     2     2     1
   40    41     1     3     2     1
   41   187     1     5     2     2
   42   220     1     2     1     3
   43   163     1     4     3     1
   44   166     1     3     2     1
   45   243     1     4     3     2
   46   150     1     2     1     2
   47   233     1     2     3     2
   48    87     1     2     1     3
   49    91     1     5     2     2
   50   119     1     4     1     1
   51   160     1     3     2     2
   52   213     1     5     3     1
   53   138     1     4     3     2
   54   122     1     2     3     2
   55    28     1     6     2     1
   56   198     1     2     1     2
   57   130     1     2     3     1
   58    28     1     4     3     2
   59    25     1     3     2     2
   60   244     1     5     2     1
   61   173     1     5     2     1
   62    20     1     6     1     2
   63   209     1     3     1     2
   64   239     1     5     2     1
   65    81     1     5     1     2
   66   158     1     5     1     3
   67   116     1     4     1     2
   68    33     1     3     1     2
   69   116     1     2     1     2
   70   138     1     4     2     1
   71    10     1     4     2     1
   72   139     1     3     3     2
   73    35     1     3     1     3
   74   220     1     5     3     2
   75   203     1     5     3     2
   76    82     1     4     1     3
   77   140     1     5     3     1
   78   199     1     4     3     1
   79    55     1     6     2     1
   80   182     1     5     1     3
   81    78     1     6     1     1
   82   197     1     4     1     2
   83   139     1     3     1     1
   84    56     2     3     2     1
   85    30     2     6     2     1
   86    47     2     3     1     1
   87    61     2     7     3     1
   88    72     2     7     2     1
   89   115     2     4     3     2
   90   166     2     5     3     1
   91   104     2     5     3     2
   92    83     2     5     2     1
   93   194     2     4     2     2
   94   133     2     6     2     1
   95   238     2     6     3     1
   96   133     2     5     3     1
   97   136     2     3     1     1
   98   188     2     3     3     1
   99    33     2     6     2     1
  100   120     2     6     2     1
  101    26     2     7     1     2
  102   236     2     5     3     1
  103    44     2     7     1     1
  104   186     2     7     3     2
  105   144     2     7     2     1
  106    46     2     5     3     1
  107   143     2     7     1     3
  108    68     2     4     3     1
  109    55     2     5     1     3
  110    73     2     6     3     2
  111   245     2     7     3     1
  112    63     2     4     2     1
  113   211     2     6     1     1
  114   227     2     6     2     1
  115    68     2     6     1     2
  116   146     2     4     2     2
  117   229     2     5     1     3
  118   103     2     7     1     1
  119   207     2     3     3     2
  120   242     2     3     2     2
  121   133     2     3     3     2
  122    70     2     6     3     1
  123   128     2     6     2     1
  124   179     2     3     2     1
  125     9     2     6     3     2
  126   182     2     5     1     1
  127   111     2     7     2     2
  128   117     2     3     1     2
  129   204     2     7     1     1
  130   120     2     7     1     3
  131   148     2     4     1     1
  132   205     2     7     2     1
  133   181     2     3     1     1
  134    41     2     7     2     2
  135    22     2     7     1     1
  136    78     2     5     2     2
  137   144     2     6     1     2
  138   157     2     6     2     2
  139   198     2     6     3     1
  140    78     2     6     1     1
  141   243     2     3     1     3
  142    28     2     5     1     1
  143   160     2     6     2     1
  144   105     2     5     1     2
  145   136     2     6     1     3
  146    33     2     5     2     1
  147    92     2     5     2     1
  148   240     2     3     3     1
  149   212     2     5     1     3
  150    31     2     5     1     2
  151    37     2     7     2     1
  152   155     3     6     2     1
  153    14     3     8     3     2
  154   233     3     5     1     3
  155   240     3     4     1     3
  156   122     3     8     1     3
  157    93     3     8     1     2
  158   139     3     6     3     1
  159    93     3     7     1     3
  160   146     3     8     3     1
  161    45     3     5     2     1
  162    73     3     5     3     2
  163   187     3     6     3     2
  164    80     3     5     3     2
  165   114     3     5     3     1
  166   133     3     6     1     2
  167   179     3     4     2     2
  168   240     3     7     2     2
  169   237     3     7     2     1
  170   216     3     6     2     1
  171   163     3     4     2     2
  172   109     3     8     1     1
  173   208     3     7     3     1
  174   117     3     6     3     2
  175    28     3     8     2     2
  176   147     3     8     2     2
  177   231     3     7     1     2
  178    90     3     5     1     3
  179    23     3     4     2     1
  180    14     3     8     1     2
  181    81     3     4     2     1
  182   107     3     8     2     1
  183    50     3     4     3     2
  184   200     3     8     1     2
  185   243     3     6     3     1
  186   156     3     5     2     2
  187   206     3     7     1     3
  188   172     3     6     3     2
  189    71     3     5     1     3
  190   124     3     4     1     3
  191    79     3     6     3     1
  192   213     3     5     1     2
  193   129     3     8     2     2
  194    40     3     8     3     1
  195    98     3     4     2     1
  196   233     3     7     3     2
  197   226     3     7     3     1
  198    61     3     6     1     2
  199   227     3     7     3     2
  200     6     3     5     2     2
  201   111     3     6     2     1
  202   188     3     7     1     2
  203    30     3     8     3     2
  204   218     3     7     1     1
  205   130     3     8     1     2
  206   193     3     8     2     2
  207    90     3     4     3     1
  208   245     3     5     3     2
  209   210     3     4     2     1
  210    71     3     5     3     1
  211   128     3     6     2     1
  212   237     3     5     1     2
  213    75     3     5     1     3
  214   249     3     4     1     2
  215   104     3     8     1     1
  216   127     3     8     2     1
  217    39     3     8     2     2
  218   237     3     5     3     1
  219    42     3     8     2     2
  220    74     3     4     2     2
  221   118     3     6     1     2
  222   188     3     8     3     2
  223    61     3     4     3     1
  224   241     3     8     1     2
  225   171     3     6     3     1
  226    58     3     8     2     2
  227   218     3     8     3     2
  228    39     3     6     1     2
  229   118     3     5     3     1
  230    16     3     5     1     1
  231   142     3     8     3     2
  232   186     3     6     2     2
  233    42     3     5     3     1
  234    17     3     5     1     1
  235   115     3     6     2     1
  236    79     3     5     3     2
  237   115     3     5     1     3
  238   109     3     4     2     1
  239   241     3     8     2     2
  240   145     3     6     2     1
  241    36     3     7     3     2
  242   148     3     7     1     2
  243   112     3     5     1     1
  244   160     3     7     3     2
  245   192     3     5     2     1
  246   103     4     8     1     2
  247    32     4     9     3     1
  248   199     4     8     3     2
  249     2     4     9     1     3
  250   120     4     6     1     3
  251   171     4     5     1     2
  252    73     4     7     3     2
  253    65     4     8     3     1
  254    47     4     8     1     3
  255    82     4     8     2     2
  256   188     4     7     3     2
  257    20     4     7     3     1
  258   210     4     5     3     1
  259    31     4     7     2     1
  260    81     4     5     2     1
  261   212     4     7     1     3
  262   210     4     9     2     2
  263   195     4     6     3     1
  264   219     4     9     1     1
  265   165     4     9     1     2
  266    18     4     9     1     2
  267   248     4     5     2     2
  268   107     4     9     1     2
  269   142     4     9     1     3
  270   206     4     9     1     3
  271    69     4     6     2     1
  272     8     4     8     1     2
  273   247     4     6     3     1
  274   223     4     5     2     1
  275   190     4     7     3     1
  276   147     4     5     1     1
  277   156     4     9     1     3
  278    23     4     5     1     1
  279   241     4     7     2     2
  280   215     4     6     2     2
  281     8     4     8     2     2
  282   226     4     7     1     2
  283   212     4     9     2     2
  284   143     4     5     3     2
  285    29     4     9     1     2
  286    74     4     9     1     3
  287   125     4     9     2     2
  288    35     4     9     2     2
  289   179     4     9     2     1
  290    77     4     6     2     2
  291    65     4     8     2     1
  292   100     4     7     2     2
  293   115     4     6     3     2
  294    86     4     6     2     1
  295   152     4     6     1     2
  296   141     4     6     3     1
  297   237     4     5     2     1
  298    11     4     7     3     1
  299    72     4     5     1     2
  300   111     4     5     2     2
  301    31     4     9     1     1
  302    89     4     6     2     1
  303    30     4     6     1     2
  304    28     4     9     3     2
  305   250     4     6     2     1
  306   221     4     7     2     2
  307   180     4     6     2     2
  308   180     4     8     3     1
  309   119     4     6     2     1
  310   249     4     6     1     3
  311   162     4     6     1     3
  312   108     4     6     3     1
  313   182     4     9     1     2
  314   107     4     8     1     2
  315   139     4     9     2     1
  316    79     4     9     2     2
  317   160     4     5     2     2
  318    35     4     9     3     1
  319    19     4     9     1     3
  320    74     4     7     2     1
  321   215     4     6     1     2
  322   129     4     8     2     1
  323   117     4     8     1     1
  324   222     4     5     1     3
  325    28     4     5     1     3
  326    58     4     5     2     2
  327   223     4     5     1     1
  328   161     4     8     1     2
  329   207     4     7     2     2
  330   219     4     6     1     1
  331   237     4     9     3     1
  332   244     4     7     1     1
  333   152     4     6     3     2
  334   106     4     5     3     2
  335    46     4     7     3     2
  336   173     4     7     1     2
  337    47     4     7     3     2
  338   201     4     6     2     1
  339   178     4     6     1     2
  340    70     4     9     3     2
  341   122     4     9     1     3
  342    84     4     7     2     2
  343   170     4     8     1     3
  344    98     4     8     3     2
  345   100     4     8     2     1
  346    18     4     8     1     3
  347   140     4     5     1     3
  348    34     4     7     2     1
  349   212     5     8     1     3
  350    48     5    10     1     3
  351   162     5     8     1     1
  352    48     5     8     1     3
  353   159     5     7     2     1
  354    62     5    10     2     1
  355   216     5     8     3     1
  356    76     5    10     1     2
  357    54     5    10     2     2
  358   151     5     9     2     1
  359   237     5     7     1     1
  360    52     5    10     1     1
  361   235     5    10     3     2
  362   244     5    10     2     2
  363   223     5     8     1     3
  364   160     5     8     2     1
  365   242     5     8     2     2
  366   207     5     8     1     1
  367    26     5     7     3     2
  368   219     5     8     3     1
  369   107     5     9     1     2
  370    56     5     8     1     1
  371    37     5     6     3     2
  372   175     5     8     3     2
  373     7     5     6     1     2
  374   193     5    10     2     1
  375    22     5     9     2     1
  376    67     5    10     1     2
  377   143     5     8     2     1
  378   154     5    10     3     1
  379    40     5     8     3     1
  380    54     5     6     3     1
  381    10     5     9     3     1
  382    68     5     7     3     2
  383   205     5    10     1     2
  384   216     5     6     1     1
  385   103     5     7     1     3
  386   230     5     9     1     1
  387   243     5     8     3     2
  388    58     5    10     3     2
  389    84     5     9     3     1
  390   198     5     9     2     1
  391    72     5     7     2     1
  392   243     5     8     1     1
  393   139     5     9     3     1
  394   209     5     8     2     2
  395   190     5     6     3     2
  396    88     5     9     3     2
  397    13     5    10     1     3
  398    32     5    10     2     2
  399   125     5     9     1     3
  400   126     5     6     1     2
  401    21     5     8     1     1
  402   123     5     7     2     1
  403   140     5    10     2     2
  404    26     5     6     1     3
  405   236     5     9     3     2
  406    39     5    10     3     2
  407   107     5     6     1     2
  408   217     5     8     2     1
  409    39     5     7     3     1
  410   123     5    10     2     1
  411    17     5    10     1     2
  412   207     5     9     3     2
  413   171     5    10     2     1
  414    39     5    10     1     1
  415   239     5    10     3     1
  416    16     5     9     2     2
  417    43     5     6     2     1
  418    44     5     7     3     1
  419     6     5     9     3     2
  420    40     5     7     2     2
  421    89     5     8     2     2
  422   246     5     9     2     1
  423   246     5    10     1     1
  424    25     5     8     2     2
  425   199     5     7     1     3
  426   244     5     6     1     1
  427    96     5     7     2     1
  428   120     5     9     3     1
  429   176     5     6     1     2
  430   130     5     8     3     2
  431   218     5     8     2     2
  432   169     5    10     3     1
  433     6     5     7     2     2
  434   152     5     8     1     2
  435    65     5     8     1     2
  436   115     5     8     3     1
  437   161     5     6     3     1
  438   190     5     7     1     3
  439    87     5     6     2     2
  440   195     5     7     1     3
  441   121     5    10     1     3
  442    25     5     7     2     1
  443   214     6    11     2     1
  444    48     6    10     2     1
  445   207     6    10     2     1
  446    76     6     8     3     2
  447   112     6     7     3     1
  448   136     6    11     1     3
  449    38     6     9     1     1
  450    82     6     9     3     1
  451   154     6    10     2     1
  452   235     6    10     3     2
  453    99     6    11     1     1
  454   193     6    11     2     2
  455    92     6     9     2     2
  456    54     6    11     2     1
  457    69     6     7     2     2
  458   190     6    10     3     2
  459   203     6    11     2     2
  460     2     6     9     2     1
  461   125     6     8     2     2
  462    31     6     9     1     2
  463   197     6    10     2     1
  464    38     6    11     3     2
  465    64     6     7     1     2
  466   165     6     8     3     2
  467   187     6    10     3     2
  468    79     6    10     2     2
  469   100     6     7     2     2
  470    57     6    10     2     2
  471    19     6     8     2     1
  472   110     6    11     1     3
  473   205     6     8     2     1
  474   139     6     9     1     3
  475   228     6     7     1     3
  476   193     6    10     2     1
  477    56     6     8     1     2
  478     2     6    11     1     1
  479   167     6     8     2     2
  480   143     6     8     2     2
  481   109     6    10     2     1
  482   208     6     7     2     1
  483    68     6    11     1     1
  484   188     6     9     3     2
  485   141     6    11     3     1
  486    63     6     7     2     1
  487   241     6     8     2     2
  488   240     6    11     3     1
  489   165     6    10     2     2
  490   113     6    11     1     1
  491   115     6     9     2     2
  492   221     6    10     1     2
  493    37     6     9     1     1
  494   235     6     8     1     1
  495    49     6     8     3     2
  496   244     6     9     1     1
  497   121     6    11     1     2
  498    80     6     8     3     1
  499   149     6    11     3     2
  500   166     6    10     1     2
  501    38     6     9     2     2
  502    26     6    11     1     1
  503    74     6    11     3     2
  504    26     6     7     3     2
  505    50     6    10     2     1
  506   173     6    10     2     1
  507   188     6    11     1     3
  508   230     6    11     3     2
  509   249     6    11     2     2
  510    12     6     9     2     2
  511   191     6    10     3     1
  512   171     6     8     2     1
  513     7     6     9     1     1
  514    61     6     8     2     2
  515   107     6     7     1     3
  516   191     6     7     3     1
  517   104     6    10     1     3
  518   125     6     8     2     1
  519   143     6    10     3     1
  520   196     6     7     1     1
  521   210     6     8     2     1
  522    68     6    10     3     1
  523   200     6     9     3     2
  524   249     6     7     1     1
  525   232     6     9     2     1
  526   132     7    11     2     2
  527    71     7    11     1     1
  528    28     7    11     1     1
  529    60     7     8     3     1
  530   129     7    10     2     2
  531    29     7    10     1     3
  532   151     7     8     1     1
  533     2     7     9     3     1
  534   219     7    11     1     3
  535   204     7     8     3     2
  536   221     7    10     3     1
  537    91     7    12     1     1
  538   207     7     9     3     1
  539    48     7     9     3     1
  540   111     7     9     1     2
  541   120     7    11     3     2
  542    41     7    12     3     1
  543   187     7    10     2     2
  544    74     7    11     1     3
  545    90     7     8     2     2
  546   214     7    12     2     1
  547   200     7     8     1     1
  548    98     7    11     2     2
  549    53     7     8     1     3
  550   133     7    11     2     2
  551    67     7    10     3     1
  552    92     7    11     2     2
  553     6     7     8     2     2
  554   249     7     8     2     2
  555   164     7    11     3     1
  556   199     7    10     2     2
  557   116     7    11     3     1
  558    20     7     8     3     1
  559    51     7    10     3     1
  560    84     7     9     2     1
  561   142     7     9     2     2
  562   224     7     8     2     1
  563    82     7     9     2     1
  564   122     7    12     2     2
  565    88     7    12     1     1
  566   226     7     9     2     1
  567   211     7     9     1     2
  568   207     7    10     2     2
  569    66     7    12     1     2
  570    86     7    11     3     2
  571    85     7    10     2     1
  572   222     7     9     1     3
  573     6     7    11     1     1
  574   101     7    12     2     2
  575   164     7     8     2     1
  576   137     7    10     3     2
  577    51     7    10     3     2
  578   203     7     9     3     2
  579   128     7     9     3     2
  580    13     7     9     3     2
  581   151     7    11     3     2
  582   130     7     9     3     1
  583   200     7    10     2     1
  584   233     7     9     1     2
  585    58     7     9     3     2
  586   177     7    10     1     2
  587    57     7     8     2     1
  588   183     7    12     2     1
  589   168     7    11     2     1
  590   237     7    11     2     1
  591   111     7     8     1     3
  592   133     7     8     2     2
  593     9     7     8     2     1
  594   166     7    10     2     2
  595    64     7     9     1     2
  596   187     7     9     2     2
  597   143     7    10     2     1
  598     2     7    12     1     3
  599   222     7    10     3     2
  600    83     7    10     2     1
  601    85     8     9     1     3
  602   199     8     9     3     2
  603    50     8    10     3     2
  604    33     8    13     1     3
  605   178     8     9     1     3
  606    39     8    12     3     1
  607   119     8    13     1     3
  608   147     8    13     3     1
  609   174     8     9     3     1
  610    15     8    11     2     1
  611   112     8    10     3     1
  612    62     8    12     3     1
  613    24     8    11     2     2
  614   211     8     9     3     1
  615   113     8     9     2     2
  616    33     8     9     3     2
  617    98     8    10     1     3
  618     7     8    11     2     1
  619    94     8    12     3     1
  620   116     8    11     3     2
  621   214     8    13     1     2
  622   132     8     9     1     3
  623   134     8    11     3     1
  624   104     8    12     3     1
  625   135     8    12     3     2
  626    19     8    10     3     2
  627    65     8    13     3     1
  628   127     8     9     2     2
  629   173     8    11     3     2
  630   205     8    12     1     2
  631   196     8    11     1     2
  632   150     8    13     3     2
  633   162     8    10     3     2
  634   100     8    11     1     1
  635   215     8     9     3     1
  636   192     8    10     2     2
  637     3     8    13     1     3
  638   119     8    13     3     1
  639    10     8    11     3     2
  640    11     8     9     2     1
  641   230     8    13     2     2
  642   132     8     9     1     3
  643   114     8    13     2     2
  644   232     8    11     2     1
  645     7     8    10     1     2
  646   170     8    10     3     2
  647     5     8    12     2     2
  648   242     8    12     1     2
  649    68     8    11     3     1
  650   205     8    13     1     2
  651   111     8     9     3     1
  652   234     8    10     2     1
  653   208     8    12     3     2
  654    16     8    11     2     2
  655    44     8     9     2     2
  656     2     8    13     2     2
  657    85     8     9     3     1
  658    32     8    13     1     3
  659   123     8     9     3     1
  660    99     8     9     1     1
  661   240     8    12     2     1
  662   134     8    11     3     2
  663   213     8    10     3     1
  664    66     8    11     3     1
  665   210     8    11     3     1
  666    25     8    13     1     2
  667    53     8    12     2     2
  668   101     8    13     3     2
  669   247     8    11     2     2
  670   229     8    10     3     1
  671   243     8    11     3     1
  672   247     8    11     3     1
  673    14     8    13     3     1
  674    28     8    10     3     2
  675   174     9    12     2     1
  676    87     9    13     3     1
  677   134     9    11     3     2
  678   145     9    13     3     1
  679   137     9    12     3     2
  680    72     9    12     1     1
  681   251     9    14     1     2
  682   177     9    13     1     1
  683   203     9    13     1     1
  684     4     9    14     1     3
  685    51     9    11     2     1
  686   224     9    11     1     1
  687   228     9    13     3     1
  688   172     9    12     1     3
  689   225     9    10     1     1
  690   218     9    11     1     1
  691    34     9    12     1     2
  692    51     9    11     3     1
  693    35     9    11     3     2
  694    53     9    12     1     1
  695   106     9    11     3     2
  696   249     9    13     1     2
  697   101     9    13     3     2
  698    98     9    12     3     2
  699   221     9    12     1     2
  700   184     9    13     1     1
  701    50     9    11     3     2
  702    57     9    14     1     2
  703   102     9    13     1     1
  704    69     9    12     2     2
  705   174     9    11     1     2
  706   222     9    10     1     2
  707   140     9    10     1     3
  708   223     9    12     1     2
  709   203     9    13     2     1
  710   218     9    11     2     2
  711   172     9    13     1     1
  712    56     9    14     1     2
  713   234     9    14     1     3
  714   135     9    13     3     2
  715    52     9    11     1     2
  716   171     9    12     1     1
  717    39     9    11     3     1
  718   222     9    11     2     2
  719   195     9    12     1     3
  720    62     9    13     3     1
  721    99     9    11     3     2
  722    74     9    11     1     2
  723    43     9    13     3     1
  724   203     9    14     2     1
  725    90     9    13     1     2
  726    15     9    10     3     1
  727   199     9    14     2     1
  728    83     9    13     2     2
  729   105     9    14     2     2
  730   251     9    14     3     1
  731   136     9    10     1     3
  732    49     9    10     1     3
  733   182     9    13     2     1
  734   198     9    10     2     1
  735   185     9    12     1     1
  736    21     9    12     3     2
  737    51     9    13     2     2
  738   200     9    10     1     3
  739    13     9    11     1     1
  740    25     9    11     2     2
  741   207     9    14     2     1
  742   205     9    10     1     2
  743   115     9    11     2     1
  744   174     9    11     1     1
  745   193     9    11     2     2
  746   199     9    13     3     2
  747   195     9    14     1     3
  748    50     9    10     1     1
  749     6     9    10     3     1
  750   177     9    10     1     3

TECHNICIANS = 25
    1     1   789     6  1 1 1
    2    49   316    10  1 1 1
    3   165   330     7  0 1 1
    4     1   221     8  1 1 1
    5   164   424     8  1 0 1
    6    58   695     9  0 1 0
    7   158   361     7  1 1 1
    8     1   176     5  1 0 1
    9    17   802     7  1 0 1
   10     1   147     8  1 1 0
   11     1   921     7  1 0 1
   12   144   376     7  1 1 1
   13   205   102    10  1 1 0
   14   252   216     9  1 0 1
   15    39   820     9  0 1 0
   16     1   416     5  0 0 1
   17   165   838    10  1 1 1
   18   230   978    10  0 1 1
   19    64   906     6  1 1 1
   20   210   410     9  0 1 1
   21   217   441     7  1 0 0
   22   253   882     5  0 1 1
   23     1   911     9  0 0 1
   24   254   473     5  1 0 0
   25   137   708     9  1 1 0

