DATASET = ORTEC Small VeRoLog 2019
NAME = Instance 24

DAYS = 7
TRUCK_CAPACITY = 18
TRUCK_MAX_DISTANCE = 910

TRUCK_DISTANCE_COST = 10000
TRUCK_DAY_COST = 10
TRUCK_COST = 1000
TECHNICIAN_DISTANCE_COST = 100000
TECHNICIAN_DAY_COST = 10000
TECHNICIAN_COST = 10000

MACHINES = 6
    1     4   450
    2     3   910
    3     7   680
    4     4   120
    5     5   425
    6     4   725

LOCATIONS = 12
    1   297   497
    2   466   161
    3   673   533
    4   562   346
    5   533   619
    6   353   508
    7   465   558
    8   234   337
    9   675   745
   10   251   417
   11   397   412
   12   295   460

REQUESTS = 16
    1     5     1     2     1     2
    2     9     1     3     2     2
    3     5     1     3     3     2
    4     2     2     4     1     2
    5     6     2     3     6     3
    6     8     2     4     3     2
    7     7     2     3     3     2
    8     7     3     4     4     1
    9     8     3     4     5     2
   10     5     3     5     1     1
   11     5     3     5     6     2
   12     4     3     4     4     3
   13     8     4     5     6     1
   14     9     4     6     4     1
   15     5     4     6     1     2
   16     4     4     6     2     1

TECHNICIANS = 20
    1     6   425    10  0 0 1 1 0 1
    2     8   475     5  0 1 0 0 0 1
    3     7   640     5  0 0 0 0 1 0
    4     5   825     6  0 0 1 1 1 0
    5     4   575     5  0 0 1 0 0 0
    6    10   640     9  0 1 0 0 1 1
    7     2   375     8  0 1 0 0 0 0
    8    11   645     9  0 0 1 0 1 0
    9     2   895     7  1 0 0 0 0 0
   10     1   410     7  0 0 1 1 0 0
   11     4   765     9  0 1 1 1 0 0
   12     5   380    10  1 1 1 0 0 0
   13     5   770    10  0 0 1 0 0 1
   14     6   370     7  1 1 0 0 0 0
   15     7   325     8  1 0 1 0 0 0
   16     4   605     9  1 1 0 0 0 1
   17     2   595     6  1 0 1 0 0 0
   18     7   515     9  1 1 0 0 0 1
   19    12   285     5  0 0 1 1 0 1
   20     2   340     6  0 0 1 1 0 1

