DATASET = ORTEC Early VeRoLog 2019
NAME = Instance 25

DAYS = 55
TRUCK_CAPACITY = 18
TRUCK_MAX_DISTANCE = 825

TRUCK_DISTANCE_COST = 100
TRUCK_DAY_COST = 100000
TRUCK_COST = 10000
TECHNICIAN_DISTANCE_COST = 10000
TECHNICIAN_DAY_COST = 10000
TECHNICIAN_COST = 100000

MACHINES = 7
    1     7   455
    2     5   950
    3     8   215
    4     7   745
    5     6   865
    6     3    45
    7     6   755

LOCATIONS = 62
    1   531   350
    2   544    21
    3   412   256
    4   235   317
    5   302   444
    6   430   329
    7   232   326
    8   416   417
    9   605   461
   10   341   395
   11   541   352
   12   449   613
   13   430   250
   14   272   306
   15   397   284
   16   387   300
   17   470   224
   18   549   255
   19   203   362
   20   204   318
   21   554   760
   22   299   473
   23   349   265
   24   287   505
   25   316   469
   26   292   513
   27   704   576
   28   332   451
   29   523   261
   30   258   498
   31   535   425
   32   298   608
   33   332   451
   34   513   332
   35   278   244
   36   229   333
   37   278   541
   38   253   400
   39   566   151
   40   738   565
   41   245   342
   42   466   448
   43   364   549
   44   353   232
   45   399   423
   46   314   319
   47   347   266
   48   215   345
   49   402   171
   50   291   550
   51   263   352
   52   413   405
   53   212   404
   54   575   494
   55   201   345
   56   412   280
   57   305   465
   58   501   312
   59   222   295
   60   448   371
   61   255   340
   62   297   468

REQUESTS = 150
    1    38     1     6     1     2
    2    21     1     5     3     2
    3    24     1     2     7     1
    4    45     1     2     2     2
    5    51     2     3     6     2
    6    43     2     6     7     3
    7    48     3     6     6     3
    8    30     3     4     2     1
    9    45     4     5     7     1
   10    31     5     7     3     2
   11    33     5     9     2     2
   12     6     5     6     3     2
   13    16     5     6     1     1
   14    12     5     9     5     2
   15    15     5     6     1     2
   16    47     5     8     5     1
   17    42     5     8     7     1
   18     2     6    11     4     1
   19    31     7     8     3     1
   20    46     8    12     2     2
   21    33     9    13     6     1
   22    51     9    10     6     1
   23    10     9    14     6     3
   24    48     9    14     1     1
   25    49    10    11     7     1
   26    14    11    14     3     2
   27    40    11    15     1     2
   28    34    11    14     6     3
   29    25    11    13     3     1
   30     5    11    13     6     2
   31     4    12    14     6     3
   32     4    12    16     5     1
   33    22    13    15     1     2
   34    32    13    18     1     2
   35     7    13    17     7     3
   36    34    13    15     2     2
   37    34    13    15     6     2
   38    21    14    15     2     1
   39    22    14    15     5     1
   40    51    15    17     2     2
   41    16    15    17     4     2
   42    40    15    19     4     1
   43    36    16    18     1     2
   44    15    16    21     6     1
   45    15    16    20     1     1
   46    47    17    21     7     2
   47     3    17    18     5     3
   48    19    17    22     3     2
   49    21    17    19     2     1
   50    35    17    22     6     1
   51    46    17    19     5     2
   52    24    17    20     2     3
   53    43    18    20     1     2
   54    11    18    20     4     1
   55     2    18    19     7     1
   56    18    19    22     6     3
   57    31    19    21     7     1
   58    25    19    21     1     1
   59    23    20    25     2     1
   60     8    21    25     5     1
   61    45    21    22     2     2
   62     5    22    26     7     1
   63     9    22    25     3     1
   64    20    23    24     3     1
   65    46    23    28     6     2
   66    50    23    28     1     1
   67    27    23    27     5     2
   68    38    24    29     6     3
   69     3    24    25     3     2
   70     5    24    25     4     2
   71    12    25    30     1     2
   72    37    25    29     3     2
   73    24    25    26     7     1
   74    19    25    26     5     2
   75    10    26    28     7     1
   76    40    26    29     5     1
   77    27    26    27     6     3
   78    13    27    32     4     1
   79    27    27    28     7     1
   80    27    27    31     2     1
   81    15    27    31     2     1
   82    29    28    31     1     1
   83     4    29    33     1     1
   84     2    29    30     2     3
   85    47    29    33     7     1
   86     6    29    33     3     1
   87    23    29    31     2     2
   88    47    30    33     6     1
   89    39    30    33     2     2
   90    42    30    32     7     2
   91    23    31    32     5     3
   92    43    31    32     1     1
   93    48    32    35     4     1
   94     6    33    36     5     2
   95     6    33    36     4     1
   96    14    33    38     2     1
   97    48    33    34     6     3
   98    43    33    36     3     1
   99    50    33    35     2     3
  100    26    34    36     3     2
  101    27    34    39     7     1
  102    48    35    39     1     2
  103    20    35    39     6     3
  104    23    35    39     1     2
  105    38    35    40     2     1
  106     4    35    40     3     1
  107    51    35    39     5     1
  108    40    36    39     3     1
  109    48    36    40     3     2
  110    28    37    42     2     2
  111    48    37    40     4     2
  112    16    37    42     6     3
  113    41    38    41     2     3
  114     4    38    42     4     1
  115    17    38    41     1     1
  116    24    38    42     6     1
  117    30    39    41     2     3
  118    39    39    43     5     2
  119    26    39    44     3     2
  120    34    40    41     7     1
  121    37    40    45     4     2
  122     8    41    45     5     3
  123    18    41    44     4     1
  124    40    41    43     5     1
  125    41    42    45     3     1
  126    50    43    44     7     3
  127    25    43    44     3     2
  128    34    43    46     4     2
  129    39    43    47     6     1
  130     3    44    49     2     3
  131    37    44    45     4     2
  132    41    45    49     7     2
  133    14    45    46     1     2
  134     3    45    50     1     1
  135    32    45    47     7     1
  136    36    46    49     7     3
  137    51    46    50     6     1
  138    38    46    49     2     1
  139     8    46    47     6     1
  140    46    46    51     1     1
  141    24    46    47     5     1
  142    25    47    48     1     1
  143     5    47    49     4     2
  144    37    48    52     5     1
  145    29    49    54     4     1
  146    34    49    53     7     2
  147    39    49    53     4     1
  148    34    49    52     5     1
  149    22    49    50     2     3
  150    28    49    53     6     1

TECHNICIANS = 125
    1    22   200    10  1 0 0 1 0 1 0
    2     1   860     6  1 0 0 0 1 1 0
    3    40    70     6  0 0 1 0 1 0 1
    4     1   685     8  0 0 0 0 0 1 0
    5    14   620     6  0 0 0 0 1 0 1
    6    13   510     5  0 0 0 1 0 0 1
    7    44   570     6  1 0 0 1 0 0 1
    8    46   300     9  0 0 1 0 0 0 1
    9    36   795     9  0 0 1 0 0 0 0
   10     2   540     5  0 1 0 0 0 0 0
   11     8   375     9  0 1 0 1 0 0 0
   12     1   600     9  1 0 0 0 1 0 0
   13    15   775     9  0 0 0 0 1 0 0
   14     1   475     6  0 0 0 0 0 1 0
   15     2   360     8  0 0 1 1 0 0 0
   16    36   430     5  0 1 0 0 0 0 0
   17    14   490     8  1 1 0 0 1 0 0
   18     4   195     7  0 0 1 0 1 0 0
   19    45   740     9  0 0 1 0 0 0 0
   20    52   485     7  0 0 1 0 0 0 0
   21     7   770     8  0 0 1 1 0 0 0
   22    17   845     6  1 1 0 0 0 0 0
   23    53   505     6  0 1 0 0 0 0 0
   24    23   505     5  0 1 0 0 0 1 0
   25    54   450     8  0 0 0 0 1 0 0
   26    16   235     5  0 0 0 1 0 0 0
   27     1   760    10  0 0 1 0 0 0 0
   28    26   130     6  1 0 0 0 1 1 0
   29     1   355     8  0 0 1 0 1 0 0
   30    26   600     5  0 0 1 1 0 0 0
   31    18   420     6  1 0 0 0 0 1 0
   32    55   320     8  0 1 0 1 1 0 0
   33    33   110     9  0 1 0 0 0 0 0
   34     1   600     9  1 1 0 0 0 0 0
   35    56   540     8  1 0 0 0 1 0 0
   36    50   735     7  0 0 0 0 0 0 1
   37     1   700    10  1 0 0 0 0 0 0
   38    31   475    10  1 0 0 0 0 0 0
   39    40   455     5  0 0 0 1 0 0 0
   40     1   965     9  0 0 0 0 1 0 0
   41    44   350     6  0 0 0 1 0 0 1
   42     6   830     8  0 1 0 0 0 0 0
   43    43   570     7  0 1 1 0 1 0 0
   44     1   230     8  0 1 0 1 0 1 0
   45    30   330     6  0 0 1 1 0 0 0
   46    43   985     9  0 0 0 0 1 1 0
   47     7   100     8  0 0 1 0 0 1 0
   48    31   680     6  0 1 0 1 0 0 0
   49     1   405     8  1 0 1 0 0 0 0
   50    48   215     5  0 0 0 0 1 0 1
   51    57   365    10  0 1 0 1 0 0 0
   52    40   810     6  0 0 0 1 0 0 0
   53    10   790     8  0 1 0 0 1 1 0
   54    36   370    10  0 0 0 1 0 0 0
   55    46   905     5  0 1 0 1 0 1 0
   56    34   245     9  0 0 0 0 0 0 1
   57    26   355    10  1 0 1 0 1 0 0
   58    58   105     9  0 1 1 0 0 1 0
   59    31   410     6  0 1 1 0 0 0 1
   60    11   805    10  0 1 1 0 1 0 0
   61     5   400     8  0 1 1 0 0 0 1
   62     2   355     5  0 0 1 0 0 0 0
   63    37   485    10  0 0 1 0 1 0 1
   64     1   205     6  0 0 1 0 0 1 0
   65     3   525     9  1 0 1 0 0 0 1
   66    39   370     7  1 0 0 0 0 0 0
   67    28   395     6  0 1 1 0 0 1 0
   68    59   565     9  1 0 0 0 0 0 0
   69     9   810     7  0 0 0 1 0 1 1
   70    39   905    10  0 0 0 1 0 1 1
   71    36   490     8  1 0 0 0 0 0 0
   72     4   815    10  0 1 0 0 0 1 1
   73     3   235     5  0 1 0 0 0 1 1
   74    10   665     9  0 0 0 0 1 0 0
   75    48   295    10  0 0 1 0 0 0 0
   76     1   880     9  1 0 0 1 0 0 0
   77    60   560     7  0 0 0 0 1 1 0
   78    15   835     9  0 1 0 1 1 0 0
   79    21   895     6  0 0 0 0 0 1 0
   80    17   125     9  0 0 1 0 0 1 1
   81     1   820     5  0 1 0 1 0 1 0
   82    33   240     5  0 1 1 0 0 0 1
   83    45   590     5  1 0 0 0 0 0 1
   84    15   135    10  0 0 0 0 1 0 0
   85    50   645    10  0 0 0 0 1 0 1
   86     1   280     6  1 1 1 0 0 0 0
   87    25   570     7  0 0 1 0 1 0 0
   88    48   160     5  0 0 1 0 0 0 0
   89    61   890     5  0 0 0 1 0 0 0
   90     1   605     8  1 0 0 0 1 1 0
   91    19   610     9  1 0 1 0 1 0 0
   92    11   475     8  0 1 1 0 0 1 0
   93    39   850    10  0 0 1 0 0 0 0
   94    13   690     6  0 0 0 0 0 0 1
   95    36   160     9  1 0 0 0 0 0 0
   96     1   710     8  1 0 0 0 0 0 0
   97    10   150     5  0 0 0 1 0 0 0
   98     1   935     9  0 0 0 1 1 0 0
   99     8   745     8  0 0 0 0 0 1 1
  100    39   665     5  0 0 0 0 1 0 0
  101    62   225     8  0 0 0 0 0 0 1
  102    15   710     5  1 0 0 0 0 1 1
  103    24   440     9  0 0 0 0 0 0 1
  104     1   930     5  0 0 1 0 0 0 1
  105     1   765     7  1 0 0 0 0 1 0
  106     7   945     9  0 0 1 0 0 0 0
  107     1   825     9  0 0 0 1 1 0 1
  108    44   305     9  1 0 1 0 1 0 0
  109    45   385     7  1 0 0 0 0 1 1
  110    19   310     5  0 0 0 1 0 1 1
  111    32   795     9  0 1 1 0 1 0 0
  112     1   880     9  0 0 0 0 1 0 0
  113    14  1000     7  0 0 1 1 0 0 0
  114     2   760     7  1 0 0 0 0 0 1
  115    43   860     5  0 0 1 0 0 0 0
  116    37   355    10  0 0 1 0 0 1 1
  117     2   475    10  1 0 0 0 0 0 0
  118    48   245    10  0 0 1 1 0 0 0
  119    26   525     6  1 1 0 1 0 0 0
  120    20   200     6  0 1 0 1 0 0 1
  121    30   585     6  1 0 1 0 0 0 0
  122    27   395     5  1 0 0 0 1 0 0
  123    22   400     5  1 0 1 0 0 0 0
  124    45   890     8  0 0 0 0 0 1 1
  125    16   260     9  0 1 0 0 0 0 0

