DATASET = ORTEC Early VeRoLog 2019
NAME = Instance 19

DAYS = 45
TRUCK_CAPACITY = 18
TRUCK_MAX_DISTANCE = 2000

TRUCK_DISTANCE_COST = 100
TRUCK_DAY_COST = 100000
TRUCK_COST = 10000
TECHNICIAN_DISTANCE_COST = 10
TECHNICIAN_DAY_COST = 10000
TECHNICIAN_COST = 10000

MACHINES = 6
    1     6   388
    2     5   854
    3     7    49
    4     6   631
    5     5   492
    6     6   910

LOCATIONS = 63
    1   196   241
    2   284   475
    3   217   323
    4   322   424
    5   713   634
    6   308   310
    7   613   320
    8   242   346
    9   259   368
   10   295   237
   11   480   245
   12   309   463
   13   231   294
   14   267   549
   15   203   367
   16    49   215
   17   529    46
   18   263   312
   19   228   232
   20   242   474
   21   314   310
   22   269   305
   23   270   508
   24   274   315
   25   534   294
   26   608   557
   27   411   373
   28   308   562
   29   570   192
   30   258   352
   31   314   588
   32   191   383
   33    87   134
   34   456   253
   35   547   426
   36   494   333
   37   426   315
   38   205   389
   39   585   404
   40   348   232
   41   171   359
   42   238   241
   43   272   297
   44   676   599
   45   646   366
   46   560    28
   47   481   466
   48   624   419
   49   557   322
   50   687   678
   51   197   311
   52   397   322
   53   230   331
   54   378   345
   55   288   544
   56   387   255
   57   535    62
   58   279   370
   59   486   726
   60   204   382
   61   518    36
   62   605   656
   63   319   466

REQUESTS = 150
    1     5     1     2     4     3
    2    38     1     3     4     3
    3    42     2     4     4     1
    4    36     2     6     1     2
    5    24     2     5     1     2
    6     4     2     3     1     1
    7    32     2     5     5     3
    8    50     2     6     6     1
    9    23     3     4     2     2
   10    10     3     6     5     3
   11    45     4     8     5     1
   12    36     4     6     3     1
   13    22     4     5     1     2
   14    32     4     6     6     1
   15    22     4     7     4     3
   16    34     4     7     3     2
   17    11     5     8     6     3
   18    48     5     6     6     3
   19    14     5     8     4     3
   20    44     5     9     6     2
   21    21     6    10     6     2
   22    47     6    10     1     2
   23    41     7     9     5     2
   24    15     7    12     3     2
   25    47     7     8     1     1
   26    31     8    11     2     1
   27     6     8    10     3     1
   28    40     8    11     4     3
   29    22     8    13     2     1
   30    25     9    13     4     1
   31    10     9    12     3     2
   32    16     9    12     4     1
   33    44     9    13     1     2
   34    42     9    13     3     2
   35    11     9    13     6     1
   36    20    10    11     1     3
   37    19    10    12     2     3
   38    14    10    13     2     2
   39    21    11    12     5     1
   40    29    11    13     4     3
   41    41    11    14     3     2
   42    47    11    16     2     1
   43    39    12    17     6     2
   44    43    12    15     2     2
   45    41    12    16     6     2
   46     8    13    18     2     1
   47    26    13    15     1     2
   48     5    13    15     3     2
   49    39    13    14     3     2
   50    14    13    15     5     2
   51    24    13    14     6     1
   52    16    13    14     4     3
   53    10    13    14     1     2
   54    13    14    18     1     2
   55    40    14    19     2     3
   56    27    14    19     1     3
   57     3    14    17     4     3
   58    13    15    18     4     2
   59    18    15    16     5     2
   60     7    15    19     6     3
   61     9    16    19     5     1
   62    31    16    20     2     2
   63    49    16    19     1     2
   64    34    16    18     2     2
   65     7    16    20     2     3
   66    12    17    18     4     3
   67    30    17    22     4     3
   68    10    17    21     1     2
   69     2    18    19     6     1
   70     9    18    22     2     3
   71    25    18    19     2     3
   72    42    19    24     1     3
   73    21    19    23     2     1
   74    40    19    22     1     2
   75    19    19    20     1     1
   76    19    20    24     6     2
   77    38    20    21     2     2
   78    23    20    21     3     2
   79    45    20    21     3     2
   80    10    21    24     4     2
   81     3    22    27     5     3
   82    41    22    24     2     1
   83    20    22    24     6     3
   84     2    22    26     4     1
   85    34    23    28     6     3
   86     7    24    25     3     1
   87     6    24    28     5     2
   88    43    24    26     6     1
   89    30    24    29     6     3
   90    46    24    27     1     2
   91    41    24    26     2     3
   92    11    25    28     2     1
   93    45    25    30     3     2
   94    26    25    28     5     3
   95     6    25    27     2     1
   96    25    25    27     4     1
   97     9    25    30     3     2
   98    47    26    27     6     1
   99    47    26    29     4     1
  100    38    26    27     5     3
  101    44    26    30     3     2
  102    45    27    30     5     3
  103    40    27    32     1     2
  104    38    27    32     5     2
  105    10    27    32     4     2
  106    39    28    29     5     1
  107    47    28    30     5     1
  108    20    28    31     3     1
  109    18    28    29     2     2
  110    10    28    29     5     2
  111    36    29    30     2     2
  112    33    29    32     4     1
  113    20    29    30     4     2
  114     3    29    31     1     2
  115    25    30    31     5     1
  116    45    30    33     5     1
  117    40    30    35     3     2
  118    35    30    35     1     2
  119    48    30    35     6     3
  120    33    31    36     1     3
  121    24    31    35     5     3
  122    25    32    36     5     2
  123     8    32    34     6     2
  124     3    32    33     3     2
  125    27    33    35     2     1
  126    37    33    36     1     1
  127    10    34    37     5     3
  128     8    34    35     5     3
  129    51    34    39     3     2
  130    24    34    37     5     2
  131    23    34    38     1     2
  132    49    34    36     5     1
  133     8    34    38     6     3
  134    24    35    37     1     2
  135     3    35    40     4     3
  136    44    35    38     3     1
  137    22    36    37     6     2
  138    41    36    37     1     3
  139    46    37    40     6     1
  140    45    37    42     3     1
  141     4    37    40     4     3
  142    16    37    39     3     2
  143    11    37    40     6     2
  144    32    37    41     6     3
  145    18    38    40     5     2
  146    42    38    42     2     2
  147    39    39    40     6     3
  148    46    39    40     6     2
  149    34    39    41     3     2
  150     9    39    41     3     2

TECHNICIANS = 100
    1    32   582     7  0 1 1 0 0 0
    2    52   260     6  1 1 0 0 0 0
    3    18   990     5  1 0 1 0 1 0
    4     5   908     9  1 1 1 0 0 0
    5    12   510     7  1 1 1 0 0 0
    6    47   731     9  0 1 0 0 1 0
    7     6   906     5  0 0 1 1 1 0
    8     1   766     7  0 0 0 1 1 1
    9     1   317    10  0 0 1 1 0 1
   10    17   314     6  1 0 0 1 1 0
   11    25   756     8  1 0 1 0 0 1
   12     1   953     6  1 0 1 0 0 1
   13    39   793     9  1 0 0 1 1 0
   14     8   279     8  0 0 0 0 0 1
   15    21   273    10  0 0 0 0 0 1
   16     1   655     6  1 0 1 0 0 1
   17     7   870     9  1 1 1 0 0 0
   18     1   741     9  1 0 0 0 1 1
   19    32   705     6  0 1 1 1 0 0
   20     1   832     7  0 0 1 0 0 1
   21    31   673     9  1 0 0 0 1 0
   22    44   163     6  1 1 0 1 0 0
   23     4   933     8  1 0 0 0 1 0
   24    16   560     9  0 1 0 0 0 0
   25    10   229     8  0 1 1 1 0 0
   26    25   798     7  1 0 0 0 0 1
   27    24   353     6  0 0 1 0 1 1
   28     1   726     6  1 0 0 0 1 0
   29    50   280     7  0 0 1 0 1 1
   30     6   276     6  1 0 0 0 0 1
   31    25   437     7  0 0 0 0 1 0
   32    53   439     9  1 0 0 1 0 0
   33    48   731     6  1 0 0 0 1 0
   34     1   832     7  0 0 0 1 0 0
   35    54   322     9  0 0 0 0 1 0
   36    25   757    10  1 1 0 0 1 0
   37     1   420     9  1 0 0 0 1 1
   38     9   586     7  0 0 0 1 0 0
   39    20   624     5  0 0 1 1 0 0
   40    10   343     6  0 1 1 0 0 0
   41    41   855     7  1 0 0 0 0 0
   42     2   164     8  0 1 1 0 0 0
   43    55   158     9  1 0 0 0 0 0
   44    56   154     5  1 0 1 0 1 0
   45    47   225     5  0 1 0 0 1 0
   46    57   940     5  0 0 0 1 0 0
   47     1   389     6  0 0 0 0 0 1
   48     3   788     5  1 0 0 0 0 0
   49    13   533    10  0 0 1 0 0 0
   50    33   209     5  1 1 0 0 0 1
   51     1   300     8  1 0 0 0 1 0
   52    38   111     7  0 1 1 1 0 0
   53    40   795     6  1 1 1 0 0 0
   54    58   245    10  1 0 0 0 0 0
   55    16   146     8  0 1 0 0 1 0
   56    35   901    10  0 0 0 0 0 1
   57    18   276     8  0 1 0 1 1 0
   58     1   532    10  0 1 1 1 0 0
   59    43   380     5  0 0 1 0 1 1
   60    59   973     6  0 1 0 0 0 0
   61    17   694     8  0 1 0 1 0 1
   62    19   824     8  0 1 0 0 1 0
   63     1   127     6  1 0 1 0 0 1
   64    42   373     6  0 1 0 1 1 0
   65     6   314     9  0 0 1 1 1 0
   66    22   760     9  0 0 0 0 0 1
   67    38   614     7  0 0 0 1 0 0
   68     1   549     8  0 0 0 1 0 0
   69     7   955     5  0 0 0 0 0 1
   70    36   595    10  1 0 1 0 0 0
   71    60   835     7  0 0 0 1 0 0
   72    37   876     6  0 1 0 1 0 0
   73    18   918     5  1 0 1 0 0 0
   74    25   635     5  1 0 0 0 0 1
   75    61   608     8  0 1 1 0 1 0
   76    26   166     6  0 0 1 0 0 0
   77     1   410    10  1 0 0 0 1 0
   78    13   960     5  0 0 1 0 0 1
   79    42   205     8  0 1 0 0 0 0
   80     1   588     9  0 1 1 0 0 1
   81    16   944     6  1 1 0 0 0 0
   82    22   611     7  1 0 0 1 0 1
   83    31   265     8  0 1 1 1 0 0
   84    44   262     5  0 0 0 1 1 0
   85     1   781     5  0 1 0 0 0 0
   86    62   647     9  0 0 1 0 1 1
   87    33   477     5  0 1 0 1 1 0
   88    36   563     8  0 0 1 0 1 0
   89     1   560     8  1 0 0 1 0 0
   90    47   259     6  1 0 1 0 0 1
   91    63   598    10  1 1 0 1 0 0
   92     1   775     8  0 1 0 0 0 0
   93    49   846     7  1 0 1 0 1 0
   94    20   654     9  0 1 0 0 1 0
   95    27   668     7  0 1 0 1 1 0
   96     2   172     5  1 1 0 0 1 0
   97    37   479     8  1 0 1 0 1 0
   98    40   211    10  0 0 0 0 0 1
   99    13   815     5  0 0 1 0 0 0
  100    39   773    10  0 1 1 0 0 1

