DATASET = ORTEC Small VeRoLog 2019
NAME = Instance 5

DAYS = 4
TRUCK_CAPACITY = 18
TRUCK_MAX_DISTANCE = 2000

TRUCK_DISTANCE_COST = 1000
TRUCK_DAY_COST = 10000
TRUCK_COST = 10000
TECHNICIAN_DISTANCE_COST = 100000
TECHNICIAN_DAY_COST = 100
TECHNICIAN_COST = 100000

MACHINES = 7
    1     3   347
    2     7   994
    3     7   682
    4     3   925
    5     4   936
    6     7   656
    7     7   450

LOCATIONS = 10
    1   735   589
    2   599   352
    3   353   223
    4   670   737
    5   608   647
    6   582   711
    7   659   652
    8   271   265
    9   526   359
   10   246   338

REQUESTS = 14
    1     4     1     3     1     2
    2     5     1     2     5     3
    3     3     1     3     4     3
    4     3     1     3     1     1
    5     7     1     2     6     1
    6     5     1     3     6     1
    7     3     1     2     2     1
    8     5     1     3     5     2
    9     8     1     3     3     1
   10     4     1     3     4     2
   11     8     1     3     4     1
   12     4     1     3     1     3
   13     8     1     2     7     1
   14     3     1     2     4     3

TECHNICIANS = 25
    1     3   102     9  1 0 0 0 0 0 0
    2     2   934    10  0 0 1 0 0 1 0
    3     4   924     8  1 0 0 0 1 1 0
    4     6   399     7  0 1 0 0 0 1 0
    5     2   968    10  0 0 1 1 0 0 0
    6     6   667     8  0 0 0 1 0 0 0
    7     6   996     8  0 0 1 0 1 0 0
    8     5   625     9  0 0 0 0 1 0 0
    9     2   821     9  1 0 0 0 1 1 0
   10     3   970     5  0 0 0 1 1 1 0
   11     4   661    10  0 0 0 1 0 1 1
   12     4   951     7  1 0 0 0 0 0 0
   13     1   569     9  0 1 1 0 0 0 0
   14     6   885     8  0 0 0 0 1 1 0
   15     9   568     5  0 0 0 0 0 1 1
   16     3   535    10  1 0 0 0 0 1 0
   17     2   299    10  0 1 0 1 0 0 0
   18     5   694     9  0 0 0 0 1 0 0
   19     6   145     9  0 0 0 0 0 1 1
   20     4   780     9  0 0 0 1 0 1 1
   21     3   584     9  0 0 0 0 1 0 0
   22     2   527    10  0 1 0 0 0 0 0
   23    10   619     8  0 1 0 0 0 0 1
   24     2   208     8  1 0 0 0 0 0 0
   25     2   126     9  0 0 1 0 0 1 0

